elapsed_s,phase,rss_kib,native_temp_bytes,spark_temp_bytes
0.026701084338128567,startup,15616,0,0
0.1348019172437489,startup,68176,0,0
0.2466770000755787,startup,142944,0,0
0.35943795926868916,startup,221792,0,0
0.4738210840150714,startup,273232,0,0
0.5879223342053592,startup,293264,0,0
0.6961322091519833,startup,316352,0,0
0.8070782502181828,startup,357856,0,0
0.9154837504029274,startup,364624,0,0
1.030212291982025,startup,369312,0,0
1.1417202921584249,startup,378176,0,0
1.2579211252741516,startup,425440,0,0
1.3718172921799123,startup,430976,0,0
1.4805606249719858,startup,438576,0,0
1.5928950840607285,startup,444384,0,0
1.7027113339863718,startup,453184,0,0
1.8133160839788616,startup,465504,0,0
1.9240828342735767,startup,497760,0,0
2.0337691251188517,startup,531440,0,0
2.145153542049229,startup,537808,0,0
2.252691417001188,startup,543904,0,0
2.366833375301212,startup,551152,0,0
2.4779780004173517,startup,557504,0,0
2.593631959054619,startup,564656,0,0
2.703252459410578,startup,576000,0,0
2.812018542084843,startup,603232,0,0
2.9245495423674583,startup,630832,0,0
3.037022375036031,startup,655712,0,0
3.1481757503934205,startup,676944,0,0
3.2609451673924923,startup,682656,0,0
3.3704611673019826,startup,688032,0,0
3.4825758752413094,startup,688096,0,0
3.589600750245154,startup,688096,0,0
3.701557584106922,startup,688096,0,0
3.8150282921269536,startup,696624,0,0
3.9262189590372145,startup,709968,0,0
4.035213417373598,startup,720112,0,0
4.147836875170469,startup,727632,0,0
4.2569927093572915,startup,749904,0,0
4.368163250386715,startup,750592,0,0
4.480496750213206,startup,750592,0,0
4.5877919173799455,startup,750592,0,0
4.703075459226966,startup,750592,0,0
4.814367917366326,startup,750592,0,0
4.926051250193268,startup,750928,0,0
5.0390731249935925,startup,860384,0,0
5.155542542226613,startup,884256,0,906365
5.269846459385008,startup,1313104,0,30973249
5.385797417256981,startup,1336224,0,45471776
5.503103333991021,startup,1386976,0,45471776
5.6244370001368225,startup,1396064,0,45471776
5.7404007920995355,startup,1451136,0,61378681
5.861118709202856,startup,1459568,0,61378681
5.977406959049404,startup,1496416,0,45471776
6.095525334123522,startup,1523216,0,61567632
6.215498167090118,startup,1542512,0,45471776
6.33627804229036,startup,1542976,0,45471776
6.4516346249729395,startup,1546944,0,45471776
6.575749792158604,startup,1894176,0,45471776
6.706070750020444,startup,2106368,0,45471776
6.837556499987841,startup,2106784,0,45471776
6.955023750197142,startup,2117248,0,45471776
7.079259667079896,startup,2375136,0,45471776
7.204171500168741,startup,2401424,0,45471776
7.322370792273432,startup,2407344,0,45471776
7.443113167304546,startup,2428592,0,45471776
7.570478209294379,startup,2508144,81369856,45471776
7.684286375064403,startup,2508096,81369856,45471776
7.796258000191301,startup,2508096,81369856,45471776
7.909916500095278,startup,2508096,81369856,45471776
8.02608925011009,startup,2508096,81369856,45471776
8.140938166994601,startup,2508864,81369856,45471776
8.253314250148833,startup,2616816,81369856,45471776
8.366460209246725,startup,2650816,0,45471776
8.482486542314291,startup,2774560,0,0
8.597054584417492,startup,2831712,0,0
8.712631459347904,startup,2907456,0,0
8.830783042125404,startup,2945312,81369856,0
8.949175334069878,startup,2946464,81369856,0
9.083877500146627,startup,2952512,81369856,0
9.19873395934701,startup,2964352,0,0
9.325349834281951,startup,2964416,0,0
9.443190334364772,startup,2964256,0,0
9.563500375021249,startup,2994080,0,0
9.679167750291526,startup,3010288,0,0
9.796320667024702,startup,3011088,81369856,0
9.924816625192761,startup,3012176,81369856,0
10.048690417315811,startup,3019728,0,0
10.171588375233114,startup,3019824,0,0
10.288565542083234,startup,3019936,0,0
10.40616691717878,startup,3047824,0,0
10.530068499967456,startup,3036032,0,0
10.646559584420174,startup,3035648,0,0
10.760670416988432,startup,3035648,0,0
10.87275095935911,startup,3035648,0,0
10.981086792424321,startup,0,0,0
