query,iteration,planning_ms,execution_ms,total_ms,cpu_ms,rows,sha256,local_nodes,comet_nodes,dataframe_ms,physical_planning_ms
top-k,-2,1199.608125,1309.844209,2509.452334,5035.817,1000,a61753475f1626e300b9cc33a7511ffde14988bdce607d87a239d87c323d88d3,0,4,703.97575,495.632375
full-sort,-2,34.9165,877.234834,912.151334,6187.349,5000000,a35a02cb1914ad7129114bf35866c36aabf04c456e6acc9e7f5b8a6148c546a7,0,5,14.350917,20.565583
scan-filter-project,-2,50.267125,101.536792,151.803917,964.039,50000,132d4842fe598c56c831f05d014103e84ee78a3427f57dda1af7cf25bbb17586,0,4,24.076917,26.190208
grouped-count-min-max,-2,71.716292,91.577791,163.294083,595.394,4096,44d72945f720a18307528d13c03c4d57646dc7f17bb149f99144104ae2967cdf,0,5,21.513417,50.202875
partitioned-join,-2,50.871209,114.977541,165.84875,1016.714,50000,7253672c069452fe8863156958af7ba048aab03bee91d9d84d95680b27110f6e,0,9,21.647625,29.223584
full-sort,-1,15.365791,640.624625,655.990416,3476.564,5000000,a35a02cb1914ad7129114bf35866c36aabf04c456e6acc9e7f5b8a6148c546a7,0,5,9.225583,6.140208
scan-filter-project,-1,16.432458,51.487167,67.919625,310.277,50000,132d4842fe598c56c831f05d014103e84ee78a3427f57dda1af7cf25bbb17586,0,4,9.173667,7.258791
grouped-count-min-max,-1,12.356292,63.195,75.551292,374.04,4096,44d72945f720a18307528d13c03c4d57646dc7f17bb149f99144104ae2967cdf,0,5,6.60475,5.751542
partitioned-join,-1,19.464833,91.107417,110.57225,484.576,50000,7253672c069452fe8863156958af7ba048aab03bee91d9d84d95680b27110f6e,0,9,10.840666,8.624167
top-k,-1,12.854917,39.073666,51.928583,237.954,1000,a61753475f1626e300b9cc33a7511ffde14988bdce607d87a239d87c323d88d3,0,4,7.769292,5.085625
scan-filter-project,0,14.425916,47.093709,61.519625,254.782,50000,132d4842fe598c56c831f05d014103e84ee78a3427f57dda1af7cf25bbb17586,0,4,7.0645,7.361416
grouped-count-min-max,0,11.352666,60.295625,71.648291,329.561,4096,44d72945f720a18307528d13c03c4d57646dc7f17bb149f99144104ae2967cdf,0,5,5.964083,5.388583
partitioned-join,0,17.737,88.602875,106.339875,486.51,50000,7253672c069452fe8863156958af7ba048aab03bee91d9d84d95680b27110f6e,0,9,10.068583,7.668417
top-k,0,11.162542,41.716875,52.879417,293.539,1000,a61753475f1626e300b9cc33a7511ffde14988bdce607d87a239d87c323d88d3,0,4,7.371,3.791542
full-sort,0,10.677875,651.703125,662.381,3485.887,5000000,a35a02cb1914ad7129114bf35866c36aabf04c456e6acc9e7f5b8a6148c546a7,0,5,6.181458,4.496417
grouped-count-min-max,1,10.901083,63.246875,74.147958,369.841,4096,44d72945f720a18307528d13c03c4d57646dc7f17bb149f99144104ae2967cdf,0,5,6.075167,4.825916
partitioned-join,1,16.7355,94.59575,111.33125,432.438,50000,7253672c069452fe8863156958af7ba048aab03bee91d9d84d95680b27110f6e,0,9,10.118583,6.616917
top-k,1,10.151125,35.38125,45.532375,216.544,1000,a61753475f1626e300b9cc33a7511ffde14988bdce607d87a239d87c323d88d3,0,4,6.457792,3.693333
full-sort,1,11.159958,629.792709,640.952667,3488.336,5000000,a35a02cb1914ad7129114bf35866c36aabf04c456e6acc9e7f5b8a6148c546a7,0,5,6.527667,4.632291
scan-filter-project,1,11.657625,48.543875,60.2015,223.405,50000,132d4842fe598c56c831f05d014103e84ee78a3427f57dda1af7cf25bbb17586,0,4,6.18625,5.471375
partitioned-join,2,18.913417,93.516333,112.42975,468.507,50000,7253672c069452fe8863156958af7ba048aab03bee91d9d84d95680b27110f6e,0,9,10.641167,8.27225
top-k,2,9.647041,38.568167,48.215208,283.73,1000,a61753475f1626e300b9cc33a7511ffde14988bdce607d87a239d87c323d88d3,0,4,6.363125,3.283916
