query,iteration,planning_ms,execution_ms,total_ms,cpu_ms,rows,sha256,local_nodes,comet_nodes,dataframe_ms,physical_planning_ms
top-k,-2,841.693875,1430.488709,2272.182584,4669.604,1000,a61753475f1626e300b9cc33a7511ffde14988bdce607d87a239d87c323d88d3,0,0,707.988084,133.705791
full-sort,-2,25.317208,1502.107584,1527.424792,10578.672,5000000,a35a02cb1914ad7129114bf35866c36aabf04c456e6acc9e7f5b8a6148c546a7,0,0,11.779917,13.537291
scan-filter-project,-2,42.749375,373.064666,415.814041,1988.405,50000,132d4842fe598c56c831f05d014103e84ee78a3427f57dda1af7cf25bbb17586,0,0,26.955333,15.794042
grouped-count-min-max,-2,39.7375,379.778834,419.516334,3191.763,4096,44d72945f720a18307528d13c03c4d57646dc7f17bb149f99144104ae2967cdf,0,0,25.34275,14.39475
partitioned-join,-2,43.480042,348.204166,391.684208,2180.645,50000,7253672c069452fe8863156958af7ba048aab03bee91d9d84d95680b27110f6e,0,0,21.077375,22.402667
full-sort,-1,11.530084,1055.777,1067.307084,5902.705,5000000,a35a02cb1914ad7129114bf35866c36aabf04c456e6acc9e7f5b8a6148c546a7,0,0,8.219334,3.31075
scan-filter-project,-1,13.413708,105.227125,118.640833,605.328,50000,132d4842fe598c56c831f05d014103e84ee78a3427f57dda1af7cf25bbb17586,0,0,8.876833,4.536875
grouped-count-min-max,-1,9.588375,163.96925,173.557625,917.862,4096,44d72945f720a18307528d13c03c4d57646dc7f17bb149f99144104ae2967cdf,0,0,6.648208,2.940167
partitioned-join,-1,17.437167,241.340125,258.777292,1257.028,50000,7253672c069452fe8863156958af7ba048aab03bee91d9d84d95680b27110f6e,0,0,11.366375,6.070792
top-k,-1,10.741041,81.067834,91.808875,416.969,1000,a61753475f1626e300b9cc33a7511ffde14988bdce607d87a239d87c323d88d3,0,0,8.055541,2.6855
scan-filter-project,0,13.641,59.951417,73.592417,388.184,50000,132d4842fe598c56c831f05d014103e84ee78a3427f57dda1af7cf25bbb17586,0,0,10.195,3.446
grouped-count-min-max,0,8.112625,113.328875,121.4415,643.948,4096,44d72945f720a18307528d13c03c4d57646dc7f17bb149f99144104ae2967cdf,0,0,5.930666,2.181959
partitioned-join,0,15.435667,238.551083,253.98675,1155.746,50000,7253672c069452fe8863156958af7ba048aab03bee91d9d84d95680b27110f6e,0,0,10.26975,5.165917
top-k,0,9.946042,66.257708,76.20375,317.168,1000,a61753475f1626e300b9cc33a7511ffde14988bdce607d87a239d87c323d88d3,0,0,7.570292,2.37575
full-sort,0,12.333209,887.51925,899.852459,4304.13,5000000,a35a02cb1914ad7129114bf35866c36aabf04c456e6acc9e7f5b8a6148c546a7,0,0,9.183417,3.149792
grouped-count-min-max,1,7.82125,122.849042,130.670292,542.588,4096,44d72945f720a18307528d13c03c4d57646dc7f17bb149f99144104ae2967cdf,0,0,5.495625,2.325625
partitioned-join,1,14.136,214.203166,228.339166,1062.444,50000,7253672c069452fe8863156958af7ba048aab03bee91d9d84d95680b27110f6e,0,0,9.666,4.47
top-k,1,9.193834,65.0425,74.236334,329.116,1000,a61753475f1626e300b9cc33a7511ffde14988bdce607d87a239d87c323d88d3,0,0,6.904834,2.289
full-sort,1,11.515875,897.965208,909.481083,4306.736,5000000,a35a02cb1914ad7129114bf35866c36aabf04c456e6acc9e7f5b8a6148c546a7,0,0,8.883,2.632875
scan-filter-project,1,9.062625,62.63875,71.701375,366.886,50000,132d4842fe598c56c831f05d014103e84ee78a3427f57dda1af7cf25bbb17586,0,0,6.34575,2.716875
partitioned-join,2,12.321959,215.434625,227.756584,1003.65,50000,7253672c069452fe8863156958af7ba048aab03bee91d9d84d95680b27110f6e,0,0,8.151459,4.1705
top-k,2,8.309042,77.670792,85.979834,460.6,1000,a61753475f1626e300b9cc33a7511ffde14988bdce607d87a239d87c323d88d3,0,0,6.166375,2.142667
full-sort,2,7.913917,898.901,906.814917,4345.029,5000000,a35a02cb1914ad7129114bf35866c36aabf04c456e6acc9e7f5b8a6148c546a7,0,0,5.894875,2.019042
scan-filter-project,2,8.679708,69.662625,78.342333,347.361,50000,132d4842fe598c56c831f05d014103e84ee78a3427f57dda1af7cf25bbb17586,0,0,6.244041,2.435667
grouped-count-min-max,2,7.170834,106.424041,113.594875,611.42,4096,44d72945f720a18307528d13c03c4d57646dc7f17bb149f99144104ae2967cdf,0,0,5.277125,1.893709
