elapsed_s,phase,rss_kib,native_temp_bytes,spark_temp_bytes
0.047621334,startup,7168,0,0
0.15676141700000001,startup,105504,0,0
0.268893292,startup,221536,0,0
0.38832887499999996,startup,254576,0,0
0.503746375,startup,274048,0,0
0.619742667,startup,329008,0,0
0.734601042,startup,337584,0,0
0.845661125,startup,344864,0,0
0.9675372919999999,startup,400208,0,0
1.083832417,startup,407984,0,0
1.1936146250000002,startup,417952,0,0
1.306649584,startup,431168,0,0
1.42449775,"top-k,-2",472800,0,0
1.54302625,"top-k,-2",490800,0,0
1.661346167,"top-k,-2",500800,0,0
1.777530292,"top-k,-2",510368,0,0
1.891589959,"top-k,-2",521360,0,0
2.008850417,"top-k,-2",560192,0,0
2.124076209,"top-k,-2",596992,0,0
2.241499167,"top-k,-2",655696,0,0
2.358162042,"top-k,-2",664928,0,0
2.472175209,"top-k,-2",671808,0,0
2.589656042,"top-k,-2",671808,0,0
2.708701375,"top-k,-2",671808,0,0
2.827631959,"top-k,-2",676960,0,0
2.946167625,"top-k,-2",689088,0,0
3.058444834,"top-k,-2",702624,0,0
3.176911,"top-k,-2",722064,0,0
3.295257834,"top-k,-2",741504,0,0
3.4114970000000002,"top-k,-2",741504,0,0
3.527438709,"top-k,-2",829312,0,0
3.6448456670000002,"full-sort,-2",1022480,0,0
3.761898834,"full-sort,-2",850736,0,0
3.885251292,"full-sort,-2",872448,0,0
4.00405375,"full-sort,-2",880368,0,40570973
4.126928209,"full-sort,-2",904256,0,45471067
4.248903792,"full-sort,-2",917920,0,48613198
4.3677537090000005,"full-sort,-2",947200,0,70897452
4.492775625,"full-sort,-2",984352,0,70897452
4.612185,"full-sort,-2",1007280,0,45471067
4.740781417,"full-sort,-2",1076032,0,69507518
4.864402,"full-sort,-2",1151808,0,45471067
4.986761042,"full-sort,-2",1258880,0,45471067
5.111678959,"full-sort,-2",1688512,0,45471067
5.237581625,idle,2071392,0,45471067
5.3587918750000005,idle,2325616,0,45471067
5.4810961250000005,idle,2428528,0,45471067
5.6072799170000005,idle,2428512,0,45471067
5.725395834,"scan-filter-project,-2",2428416,0,45471067
5.847731125,"scan-filter-project,-2",2439952,0,0
5.973401,"scan-filter-project,-2",1917872,0,0
6.0994139590000005,"scan-filter-project,-2",1204992,0,0
6.216460667,"grouped-count-min-max,-2",1209808,0,0
6.3460695000000005,"grouped-count-min-max,-2",1278384,0,0
6.475573959,"grouped-count-min-max,-2",1290192,0,0
6.602206584,"partitioned-join,-2",1421744,0,229201
6.728650959,"partitioned-join,-2",1338000,0,808257
6.848794917,"partitioned-join,-2",1346832,0,25594729
6.976897334,"full-sort,-1",1347648,0,25594729
7.0998005840000005,"full-sort,-1",1350896,0,0
7.226081875,"full-sort,-1",1330816,0,36868602
7.355936042,"full-sort,-1",1332208,0,53998121
7.488744959,"full-sort,-1",1283568,0,73056566
7.6185565,"full-sort,-1",1297280,0,69849705
7.744610334,"full-sort,-1",1328368,0,45469742
7.876082459,"full-sort,-1",1505456,0,45469742
8.000161834,"full-sort,-1",1915680,0,45469742
8.122140709,idle,2250720,0,45469742
8.258762167,idle,2669328,0,45469742
8.386407625,idle,2692144,0,45469742
8.518441834,idle,2692144,0,45469742
8.647503084,"scan-filter-project,-1",2720096,0,45469742
8.773228084,"grouped-count-min-max,-1",2756224,0,0
8.900661209,"partitioned-join,-1",1784608,0,229201
9.026508084,"partitioned-join,-1",1613024,0,23661063
9.157347084,"top-k,-1",1479248,0,25594729
9.277074542,"scan-filter-project,0",1429216,0,0
9.402963917,"grouped-count-min-max,0",1392064,0,0
9.528159959,"partitioned-join,0",1394064,0,7337525
9.639447167,"partitioned-join,0",1714288,0,25594729
9.766525042,"top-k,0",1485600,0,25594729
9.894748459,"full-sort,0",1461200,0,6462171
10.020635375,"full-sort,0",1400080,0,45472747
10.135877292,"full-sort,0",1406096,0,70908982
10.256314084,"full-sort,0",1379680,0,69017557
10.385330459,"full-sort,0",1394896,0,45472747
10.5054665,"full-sort,0",1467024,0,45472747
10.631345167000001,"full-sort,0",1954416,0,45472747
10.753617042,idle,2326880,0,45472747
10.884930584,idle,2573776,0,45472747
11.007404209,idle,2617280,0,45472747
11.137050209,idle,2629344,0,45472747
11.261894834,"grouped-count-min-max,1",2629760,0,34105104
11.421732334,"partitioned-join,1",2215472,0,13307662
11.554958917,idle,2134080,0,25594729
11.684179709,"full-sort,1",1535696,0,0
11.808205792,"full-sort,1",1537632,0,30737607
11.937869209,"full-sort,1",1502608,0,70916902
12.058186875,"full-sort,1",1433120,0,53343106
12.177199125,"full-sort,1",1438976,0,63905627
12.307412834,"full-sort,1",1591616,0,45470437
12.442490959,"full-sort,1",1890080,0,45470437
12.572203917,idle,2257504,0,45470437
12.70475625,idle,2569360,0,45470437
12.834276667,idle,2664240,0,45470437
12.958258292,idle,2664256,0,45470437
13.083386875,"scan-filter-project,1",2676544,0,45470437
13.224912542,"partitioned-join,2",2545312,0,13469591
13.345720334,"partitioned-join,2",1669168,0,25594729
13.472236292,"full-sort,2",1672160,0,0
13.595658667,"full-sort,2",1673616,0,18783503
13.718738584,"full-sort,2",1675248,0,54064318
13.840034375,"full-sort,2",1485376,0,68788505
13.958593959,"full-sort,2",1495696,0,70130650
14.085313417,"full-sort,2",1516432,0,45467024
14.206613292,"full-sort,2",1621888,0,45467024
14.338434875,"full-sort,2",2119072,0,45467024
14.461420167,idle,2463072,0,45467024
14.5874965,idle,2712880,0,45467024
14.716366625000001,idle,2712880,0,45467024
14.842872417,idle,2712880,0,45467024
14.967999167,idle,2713520,0,0
15.09069925,retained,2128256,0,229201
15.210656792,retained,1668528,0,229201
15.346208,retained,1668528,0,229201
15.492271334,retained,1668528,0,229201
15.634758917000001,retained,1668528,0,229201
15.7769045,retained,1668528,0,229201
15.916907750000002,retained,1668528,0,229201
16.054135416999998,retained,1668528,0,229201
16.173713874999997,retained,1666672,0,114242
16.291943584,retained,0,0,0
