elapsed_s,phase,rss_kib,native_temp_bytes,spark_temp_bytes
0.020773374941200018,startup,7488,0,0
0.1319876671768725,startup,66240,0,0
0.24390904186293483,startup,145376,0,0
0.35563425021246076,startup,226960,0,0
0.4665882089175284,startup,249152,0,0
0.5798006667755544,startup,277552,0,0
0.6876124171540141,startup,303376,0,0
0.7988390419632196,startup,341120,0,0
0.9198884591460228,startup,348208,0,0
1.0451805419288576,startup,359216,0,0
1.158493584021926,startup,376144,0,0
1.272634250111878,startup,403456,0,0
1.402776749804616,startup,411072,0,0
1.5163333751261234,startup,419472,0,0
1.628438875079155,startup,427984,0,0
1.7440791670233011,startup,456048,0,0
1.856830125208944,startup,509808,0,0
1.9634880837984383,startup,515712,0,0
2.07514745881781,startup,522928,0,0
2.1868150420486927,startup,531136,0,0
2.2979570841416717,startup,539632,0,0
2.4062465000897646,startup,548912,0,0
2.5180297498591244,startup,565440,0,0
2.6310277502052486,startup,597360,0,0
2.7414962919428945,startup,625024,0,0
2.853463999927044,startup,669632,0,0
2.9630158748477697,startup,675264,0,0
3.0774948340840638,startup,681040,0,0
3.190707666799426,startup,686864,0,0
3.30238070897758,startup,688240,0,0
3.4132634168490767,startup,690848,0,0
3.52487291675061,startup,698416,0,0
3.6380521249957383,startup,724496,0,0
3.7504022088833153,startup,736032,0,0
3.8596052499487996,startup,755344,0,0
3.970064084045589,startup,759040,0,0
4.080443874932826,startup,759040,0,0
4.195379875134677,startup,1028272,0,0
4.3086764588952065,startup,1048640,0,0
4.4202066250145435,startup,1061920,0,15594122
4.5334322499111295,startup,1064496,0,45471776
4.648974083829671,startup,1082912,0,45471776
4.769266209099442,startup,1097744,0,48010840
4.890751000028104,startup,1125600,0,68157204
5.014908833894879,startup,1160800,0,70917516
5.13477912498638,startup,1166528,0,70917516
5.261539542116225,startup,1200224,0,50774534
5.381858124863356,startup,1221680,0,70930170
5.505603792145848,startup,1226384,0,58212900
5.626317374873906,startup,1380672,0,45471776
5.74877441721037,startup,1529984,0,45471776
5.882203917019069,startup,1630368,0,45471776
6.00270283408463,startup,1843040,0,45471776
6.123691500164568,startup,1871072,0,45471776
6.244571417104453,startup,2145392,0,45471776
6.36275679199025,startup,2150560,0,0
6.482777792029083,startup,2153728,0,0
6.602340334095061,startup,2170448,0,0
6.719829416833818,startup,2175056,0,0
6.83780070906505,startup,2254096,57749632,0
6.95580479176715,startup,2255424,81370624,0
7.073283541947603,startup,2255424,81370624,0
7.190950749907643,startup,2258112,81370624,0
7.30885941721499,startup,2365200,6571808,0
7.431096499785781,startup,2529088,0,0
7.5533085418865085,startup,2531472,0,0
7.672439584042877,startup,2535680,0,0
7.791287042200565,startup,2572848,81370624,0
7.934530499856919,startup,2756448,81370624,0
8.084166000131518,startup,2799344,81370624,0
8.213261333759874,startup,2821952,0,0
8.332459459081292,startup,2831744,0,0
8.456400083843619,startup,2832320,0,0
8.582741416990757,startup,2848816,0,0
8.70728624984622,startup,2853632,81370624,0
8.830347375012934,startup,2858512,81370624,0
8.972736584022641,startup,2862768,0,0
9.117274624761194,startup,2863904,0,0
9.234490416944027,startup,2863856,0,0
9.354532999917865,startup,2869392,0,0
9.471888208761811,startup,2860592,0,0
9.585100458934903,startup,2860272,0,0
9.696934917010367,startup,2860272,0,0
9.809440416749567,startup,2860272,0,0
9.920928500127047,startup,0,0,0
