elapsed_s,phase,rss_kib,native_temp_bytes,spark_temp_bytes
0.02065700000000001,startup,8064,0,0
0.132526208,startup,100976,0,0
0.24286070799999998,startup,215280,0,0
0.350022541,startup,255840,0,0
0.459325333,startup,272528,0,0
0.575633208,startup,307504,0,0
0.684996625,startup,339808,0,0
0.794389291,startup,345360,0,0
0.9092569580000001,startup,354320,0,0
1.017796541,startup,400496,0,0
1.134002083,startup,414064,0,0
1.242443666,startup,423056,0,0
1.351853333,startup,431856,0,0
1.468596208,"top-k,-2",455456,0,0
1.582187041,"top-k,-2",491920,0,0
1.698732666,"top-k,-2",500016,0,0
1.810684208,"top-k,-2",509008,0,0
1.927000083,"top-k,-2",517200,0,0
2.034782958,"top-k,-2",524304,0,0
2.142963375,"top-k,-2",550528,0,0
2.2501418749999997,"top-k,-2",582400,0,0
2.3617855409999997,"top-k,-2",584656,0,0
2.4684314580000004,"top-k,-2",600848,0,0
2.5847777909999996,"top-k,-2",646096,0,0
2.692978458,"top-k,-2",681216,0,0
2.8098702080000004,"top-k,-2",687408,0,0
2.9171284579999996,"top-k,-2",694320,0,0
3.026549833,"top-k,-2",705520,0,0
3.137921583,"top-k,-2",713824,0,0
3.245896041,"top-k,-2",720880,0,0
3.357704291,"top-k,-2",728592,0,0
3.4736758329999997,"top-k,-2",734960,0,0
3.581403708,"top-k,-2",754608,0,0
3.6941736250000003,"top-k,-2",754608,0,0
3.801922375,"top-k,-2",755600,0,0
3.912264916,"top-k,-2",787472,0,33415
4.0267982909999995,"full-sort,-2",828640,0,33415
4.147448541,"full-sort,-2",904752,0,33415
4.2683585829999995,"full-sort,-2",958352,0,4089873
4.383438207999999,idle,1057536,0,4089873
4.501728083,"scan-filter-project,-2",1058800,0,4089873
4.612304125,"grouped-count-min-max,-2",1065008,0,4089873
4.728925833,"grouped-count-min-max,-2",1080144,0,4328886
4.850060166,"partitioned-join,-2",1092832,0,4328886
4.965145333,"partitioned-join,-2",1118592,0,6412446
5.08407175,"full-sort,-1",1205728,0,6412446
5.205235666,idle,1433872,0,10502217
5.326276957999999,"grouped-count-min-max,-1",1490848,0,10502217
5.442637958,"partitioned-join,-1",1594928,0,4567899
5.555765083,"partitioned-join,-1",1598784,0,6651459
5.672301666,"scan-filter-project,0",1602048,0,6684874
5.786387291,"partitioned-join,0",1610384,0,4806912
5.9017807499999995,"partitioned-join,0",1613312,0,6651459
6.025570541,"full-sort,0",1615088,0,6684874
6.144266833,idle,1618512,0,8657747
6.2564245409999995,"partitioned-join,1",1619808,0,8896760
6.370844207999999,"partitioned-join,1",1622800,0,6651459
6.486138583,"full-sort,1",1634704,0,2116975
6.605978875,"full-sort,1",1635488,0,6207251
6.723377208,"scan-filter-project,1",1635856,0,4090420
6.841586125,"partitioned-join,2",1636608,0,4090420
6.958003708,"top-k,2",1639392,0,4123835
7.075035583,"full-sort,2",1640928,0,8178989
7.186992875,"scan-filter-project,2",1641600,0,8178989
7.305574666,"top-k,3",1644560,0,239013
7.428664125,"full-sort,3",1639824,0,2739300
7.54313375,idle,1640048,0,4361434
7.662044625,"grouped-count-min-max,3",1641792,0,239013
7.783044583,"partitioned-join,3",1429808,0,239013
7.8993079580000005,"full-sort,4",1434864,0,6411592
8.013045291000001,"scan-filter-project,4",1435200,0,4089019
8.135463000000001,"partitioned-join,4",1436624,0,4328032
8.252607000000001,"top-k,4",1437056,0,2322573
8.375360833,retained,1408672,0,2355988
8.489304833,retained,1408672,0,2355988
8.609067791000001,retained,1408672,0,2355988
8.722391583,retained,1408672,0,2355988
8.849752,retained,1408672,0,2355988
8.973799208,retained,1408672,0,2355988
9.091710416000002,retained,1408672,0,2355988
9.213213125000001,retained,1408672,0,2355988
9.324443625,retained,1408464,0,2355988
9.437708083,retained,1387008,0,0
9.550534916,retained,1387008,0,0
9.663941125000001,retained,1387008,0,0
9.791059333000002,retained,1387008,0,0
