query,iteration,planning_ms,execution_ms,total_ms,cpu_ms,rows,sha256,local_nodes,comet_nodes,dataframe_ms,physical_planning_ms
top-k,-2,1792.244042,752.523375,2544.767417,5005.382,1000,6294ce5ea7d28dd38cc0dab6fe9bcf246c157844b3f3c60200a244285c0bbf9d,0,4,1354.755542,437.4885
full-sort,-2,76.336708,246.458292,322.795,2331.011,500000,326c8cd5e65bd77bc8a7437243f02e2309b03dd41d24b312f3b1efa781b29523,0,5,54.031125,22.305583
scan-filter-project,-2,110.069708,59.764584,169.834292,769.512,5000,1b9e8a9719d1f242d0dae228256e9359a0829c63cf2e20a17838a0d30a61ce81,0,4,81.722,28.347708
grouped-count-min-max,-2,98.365458,74.777625,173.143083,861.936,4096,e3aec3706612f7c455fa955ab67bbf03d662048d4259b4d35a4e02ec6ba018b0,0,5,53.776416,44.589042
partitioned-join,-2,150.425458,64.042375,214.467833,913.364,5000,4fd3e43ff9b1f55b66c475fb0812d7755c20f9714c8493a0a2461df54db90876,0,9,118.869417,31.556041
full-sort,-1,53.414959,135.711333,189.126292,900.206,500000,326c8cd5e65bd77bc8a7437243f02e2309b03dd41d24b312f3b1efa781b29523,0,5,46.69625,6.718709
scan-filter-project,-1,51.274625,20.814417,72.089042,223.905,5000,1b9e8a9719d1f242d0dae228256e9359a0829c63cf2e20a17838a0d30a61ce81,0,4,41.92225,9.352375
grouped-count-min-max,-1,63.259958,59.65025,122.910208,671.061,4096,e3aec3706612f7c455fa955ab67bbf03d662048d4259b4d35a4e02ec6ba018b0,0,5,55.556708,7.70325
partitioned-join,-1,88.120833,44.394375,132.515208,422.694,5000,4fd3e43ff9b1f55b66c475fb0812d7755c20f9714c8493a0a2461df54db90876,0,9,76.834958,11.285875
top-k,-1,49.340625,28.56525,77.905875,243.954,1000,6294ce5ea7d28dd38cc0dab6fe9bcf246c157844b3f3c60200a244285c0bbf9d,0,4,43.090083,6.250542
scan-filter-project,0,39.791417,17.285708,57.077125,174.101,5000,1b9e8a9719d1f242d0dae228256e9359a0829c63cf2e20a17838a0d30a61ce81,0,4,33.353708,6.437709
grouped-count-min-max,0,40.589875,45.333042,85.922917,418.5,4096,e3aec3706612f7c455fa955ab67bbf03d662048d4259b4d35a4e02ec6ba018b0,0,5,34.151292,6.438583
partitioned-join,0,79.151042,41.431416,120.582458,410.122,5000,4fd3e43ff9b1f55b66c475fb0812d7755c20f9714c8493a0a2461df54db90876,0,9,69.732125,9.418917
top-k,0,38.581084,26.332541,64.913625,181.688,1000,6294ce5ea7d28dd38cc0dab6fe9bcf246c157844b3f3c60200a244285c0bbf9d,0,4,33.875625,4.705459
full-sort,0,44.647292,84.61475,129.262042,523.917,500000,326c8cd5e65bd77bc8a7437243f02e2309b03dd41d24b312f3b1efa781b29523,0,5,39.568333,5.078959
grouped-count-min-max,1,38.18825,30.912375,69.100625,238.725,4096,e3aec3706612f7c455fa955ab67bbf03d662048d4259b4d35a4e02ec6ba018b0,0,5,32.193125,5.995125
partitioned-join,1,130.541667,55.673083,186.21475,909.48,5000,4fd3e43ff9b1f55b66c475fb0812d7755c20f9714c8493a0a2461df54db90876,0,9,121.671334,8.870333
top-k,1,55.578625,25.461375,81.04,306.999,1000,6294ce5ea7d28dd38cc0dab6fe9bcf246c157844b3f3c60200a244285c0bbf9d,0,4,50.963208,4.615417
full-sort,1,86.225375,82.150084,168.375459,450.628,500000,326c8cd5e65bd77bc8a7437243f02e2309b03dd41d24b312f3b1efa781b29523,0,5,81.083167,5.142208
scan-filter-project,1,38.1235,16.834709,54.958209,150.111,5000,1b9e8a9719d1f242d0dae228256e9359a0829c63cf2e20a17838a0d30a61ce81,0,4,31.543584,6.579916
partitioned-join,2,77.408458,36.699625,114.108083,324.851,5000,4fd3e43ff9b1f55b66c475fb0812d7755c20f9714c8493a0a2461df54db90876,0,9,69.391125,8.017333
top-k,2,42.707,30.510125,73.217125,321.55,1000,6294ce5ea7d28dd38cc0dab6fe9bcf246c157844b3f3c60200a244285c0bbf9d,0,4,38.599375,4.107625
full-sort,2,34.552209,78.615333,113.167542,384.972,500000,326c8cd5e65bd77bc8a7437243f02e2309b03dd41d24b312f3b1efa781b29523,0,5,30.722542,3.829667
scan-filter-project,2,62.114417,16.521791,78.636208,152.45,5000,1b9e8a9719d1f242d0dae228256e9359a0829c63cf2e20a17838a0d30a61ce81,0,4,57.019792,5.094625
grouped-count-min-max,2,34.273292,52.631625,86.904917,469.805,4096,e3aec3706612f7c455fa955ab67bbf03d662048d4259b4d35a4e02ec6ba018b0,0,5,30.14375,4.129542
top-k,3,49.2695,24.762042,74.031542,355.503,1000,6294ce5ea7d28dd38cc0dab6fe9bcf246c157844b3f3c60200a244285c0bbf9d,0,4,45.232792,4.036708
full-sort,3,35.729875,79.835209,115.565084,401.415,500000,326c8cd5e65bd77bc8a7437243f02e2309b03dd41d24b312f3b1efa781b29523,0,5,31.274209,4.455666
scan-filter-project,3,42.128542,15.631167,57.759709,258.591,5000,1b9e8a9719d1f242d0dae228256e9359a0829c63cf2e20a17838a0d30a61ce81,0,4,33.598167,8.530375
grouped-count-min-max,3,33.367292,28.090292,61.457584,199.053,4096,e3aec3706612f7c455fa955ab67bbf03d662048d4259b4d35a4e02ec6ba018b0,0,5,29.180042,4.18725
partitioned-join,3,123.517083,32.237917,155.755,369.968,5000,4fd3e43ff9b1f55b66c475fb0812d7755c20f9714c8493a0a2461df54db90876,0,9,115.526416,7.990667
full-sort,4,35.349625,83.929709,119.279334,517.858,500000,326c8cd5e65bd77bc8a7437243f02e2309b03dd41d24b312f3b1efa781b29523,0,5,31.164042,4.185583
scan-filter-project,4,35.328,16.417791,51.745791,112.466,5000,1b9e8a9719d1f242d0dae228256e9359a0829c63cf2e20a17838a0d30a61ce81,0,4,30.957375,4.370625
grouped-count-min-max,4,34.950833,37.424417,72.37525,387.131,4096,e3aec3706612f7c455fa955ab67bbf03d662048d4259b4d35a4e02ec6ba018b0,0,5,30.224917,4.725916
partitioned-join,4,92.534792,36.16075,128.695542,351.502,5000,4fd3e43ff9b1f55b66c475fb0812d7755c20f9714c8493a0a2461df54db90876,0,9,86.277125,6.257667
top-k,4,43.533667,22.9085,66.442167,247.891,1000,6294ce5ea7d28dd38cc0dab6fe9bcf246c157844b3f3c60200a244285c0bbf9d,0,4,40.200458,3.333209
