query,iteration,planning_ms,execution_ms,total_ms,cpu_ms,rows,sha256,local_nodes,comet_nodes,dataframe_ms,physical_planning_ms
top-k,-2,1791.466833,484.2725,2275.739333,4085.446,1000,6294ce5ea7d28dd38cc0dab6fe9bcf246c157844b3f3c60200a244285c0bbf9d,1,1,1375.656458,415.810375
full-sort,-2,101.112666,129.694834,230.8075,840.624,500000,326c8cd5e65bd77bc8a7437243f02e2309b03dd41d24b312f3b1efa781b29523,1,1,81.750166,19.3625
scan-filter-project,-2,103.633208,55.015917,158.649125,773.475,5000,1b9e8a9719d1f242d0dae228256e9359a0829c63cf2e20a17838a0d30a61ce81,1,1,76.732333,26.900875
grouped-count-min-max,-2,106.740958,39.707542,146.4485,473.615,4096,e3aec3706612f7c455fa955ab67bbf03d662048d4259b4d35a4e02ec6ba018b0,1,1,61.969417,44.771541
partitioned-join,-2,123.851,18.729916,142.580916,438.786,5000,4fd3e43ff9b1f55b66c475fb0812d7755c20f9714c8493a0a2461df54db90876,1,1,88.290875,35.560125
full-sort,-1,44.568166,89.2635,133.831666,629.765,500000,326c8cd5e65bd77bc8a7437243f02e2309b03dd41d24b312f3b1efa781b29523,1,1,37.729166,6.839
scan-filter-project,-1,49.8435,19.511459,69.354959,212.406,5000,1b9e8a9719d1f242d0dae228256e9359a0829c63cf2e20a17838a0d30a61ce81,1,1,40.241084,9.602416
grouped-count-min-max,-1,54.236709,22.431416,76.668125,313.094,4096,e3aec3706612f7c455fa955ab67bbf03d662048d4259b4d35a4e02ec6ba018b0,1,1,48.257,5.979709
partitioned-join,-1,115.93775,16.595334,132.533084,565.036,5000,4fd3e43ff9b1f55b66c475fb0812d7755c20f9714c8493a0a2461df54db90876,1,1,103.146709,12.791041
top-k,-1,48.907916,21.399792,70.307708,392.48,1000,6294ce5ea7d28dd38cc0dab6fe9bcf246c157844b3f3c60200a244285c0bbf9d,1,1,41.242,7.665916
scan-filter-project,0,57.764917,18.513041,76.277958,367.473,5000,1b9e8a9719d1f242d0dae228256e9359a0829c63cf2e20a17838a0d30a61ce81,1,1,49.831375,7.933542
grouped-count-min-max,0,76.347917,21.36,97.707917,237.485,4096,e3aec3706612f7c455fa955ab67bbf03d662048d4259b4d35a4e02ec6ba018b0,1,1,71.321584,5.026333
partitioned-join,0,121.56925,14.3015,135.87075,277.01,5000,4fd3e43ff9b1f55b66c475fb0812d7755c20f9714c8493a0a2461df54db90876,1,1,111.339125,10.230125
top-k,0,39.434459,14.617125,54.051584,132.624,1000,6294ce5ea7d28dd38cc0dab6fe9bcf246c157844b3f3c60200a244285c0bbf9d,1,1,34.783209,4.65125
full-sort,0,38.581375,73.962875,112.54425,419.134,500000,326c8cd5e65bd77bc8a7437243f02e2309b03dd41d24b312f3b1efa781b29523,1,1,32.883041,5.698334
grouped-count-min-max,1,36.203041,18.455792,54.658833,116.13,4096,e3aec3706612f7c455fa955ab67bbf03d662048d4259b4d35a4e02ec6ba018b0,1,1,31.945541,4.2575
partitioned-join,1,76.21225,13.743125,89.955375,170.697,5000,4fd3e43ff9b1f55b66c475fb0812d7755c20f9714c8493a0a2461df54db90876,1,1,67.151959,9.060291
top-k,1,46.804,14.551291,61.355291,143.139,1000,6294ce5ea7d28dd38cc0dab6fe9bcf246c157844b3f3c60200a244285c0bbf9d,1,1,42.189,4.615
full-sort,1,50.819625,67.546125,118.36575,425.022,500000,326c8cd5e65bd77bc8a7437243f02e2309b03dd41d24b312f3b1efa781b29523,1,1,45.562792,5.256833
scan-filter-project,1,87.38075,21.618084,108.998834,488.257,5000,1b9e8a9719d1f242d0dae228256e9359a0829c63cf2e20a17838a0d30a61ce81,1,1,81.832459,5.548291
partitioned-join,2,135.1635,12.973667,148.137167,249.518,5000,4fd3e43ff9b1f55b66c475fb0812d7755c20f9714c8493a0a2461df54db90876,1,1,127.840209,7.323291
top-k,2,41.512791,16.321667,57.834458,179.345,1000,6294ce5ea7d28dd38cc0dab6fe9bcf246c157844b3f3c60200a244285c0bbf9d,1,1,37.0655,4.447291
full-sort,2,35.488917,64.09575,99.584667,199.69,500000,326c8cd5e65bd77bc8a7437243f02e2309b03dd41d24b312f3b1efa781b29523,1,1,31.772959,3.715958
scan-filter-project,2,47.593,16.888583,64.481583,125.176,5000,1b9e8a9719d1f242d0dae228256e9359a0829c63cf2e20a17838a0d30a61ce81,1,1,42.113541,5.479459
grouped-count-min-max,2,35.656417,17.516417,53.172834,108.872,4096,e3aec3706612f7c455fa955ab67bbf03d662048d4259b4d35a4e02ec6ba018b0,1,1,31.977792,3.678625
top-k,3,36.555417,13.051958,49.607375,99.028,1000,6294ce5ea7d28dd38cc0dab6fe9bcf246c157844b3f3c60200a244285c0bbf9d,1,1,32.129667,4.42575
full-sort,3,35.42975,91.299417,126.729167,550.538,500000,326c8cd5e65bd77bc8a7437243f02e2309b03dd41d24b312f3b1efa781b29523,1,1,31.811792,3.617958
scan-filter-project,3,165.270791,14.59625,179.867041,223.418,5000,1b9e8a9719d1f242d0dae228256e9359a0829c63cf2e20a17838a0d30a61ce81,1,1,160.410041,4.86075
grouped-count-min-max,3,88.501833,15.860667,104.3625,172.952,4096,e3aec3706612f7c455fa955ab67bbf03d662048d4259b4d35a4e02ec6ba018b0,1,1,84.999208,3.502625
partitioned-join,3,81.254291,12.60325,93.857541,226.157,5000,4fd3e43ff9b1f55b66c475fb0812d7755c20f9714c8493a0a2461df54db90876,1,1,73.136375,8.117916
full-sort,4,37.55225,73.630625,111.182875,447.851,500000,326c8cd5e65bd77bc8a7437243f02e2309b03dd41d24b312f3b1efa781b29523,1,1,34.542208,3.010042
scan-filter-project,4,35.254875,14.729083,49.983958,121.784,5000,1b9e8a9719d1f242d0dae228256e9359a0829c63cf2e20a17838a0d30a61ce81,1,1,30.856583,4.398292
grouped-count-min-max,4,33.695,17.594334,51.289334,132.656,4096,e3aec3706612f7c455fa955ab67bbf03d662048d4259b4d35a4e02ec6ba018b0,1,1,29.851167,3.843833
partitioned-join,4,110.536458,12.113417,122.649875,400.648,5000,4fd3e43ff9b1f55b66c475fb0812d7755c20f9714c8493a0a2461df54db90876,1,1,103.545,6.991458
top-k,4,32.632292,11.797792,44.430084,135.139,1000,6294ce5ea7d28dd38cc0dab6fe9bcf246c157844b3f3c60200a244285c0bbf9d,1,1,28.726709,3.905583
