elapsed_s,phase,rss_kib,native_temp_bytes,spark_temp_bytes
0.020172874999999993,startup,6784,0,0
0.131654333,startup,105200,0,0
0.238696291,startup,216272,0,0
0.350811083,startup,253728,0,0
0.458863916,startup,277856,0,0
0.568524,startup,313104,0,0
0.675717666,startup,346080,0,0
0.7823975,startup,351584,0,0
0.8935517080000001,startup,359328,0,0
1.009927125,startup,399696,0,0
1.119727,startup,412608,0,0
1.2270885409999999,startup,421472,0,0
1.335135625,startup,430496,0,0
1.4419185829999999,"top-k,-2",460672,0,0
1.548841416,"top-k,-2",500096,0,0
1.662406833,"top-k,-2",508224,0,0
1.777677166,"top-k,-2",517136,0,0
1.8950041249999998,"top-k,-2",527376,0,0
2.0113586249999997,"top-k,-2",536784,0,0
2.1182204579999997,"top-k,-2",565552,0,0
2.22667375,"top-k,-2",599744,0,0
2.333905,"top-k,-2",602736,0,0
2.450386583,"top-k,-2",615856,0,0
2.5618594999999997,"top-k,-2",655328,0,0
2.678602708,"top-k,-2",698240,0,0
2.786140791,"top-k,-2",703184,0,0
2.894690041,"top-k,-2",709440,0,0
3.008599125,"top-k,-2",721360,0,0
3.1167746249999997,"top-k,-2",728768,0,0
3.225932291,"top-k,-2",736480,0,0
3.33761875,"top-k,-2",744944,0,0
3.45397575,"top-k,-2",769232,0,0
3.5707380829999997,"top-k,-2",776272,0,0
3.684004791,"top-k,-2",777616,0,0
3.797691666,"full-sort,-2",792432,0,0
3.912864208,"full-sort,-2",914176,0,0
4.029860291,"scan-filter-project,-2",1103696,0,0
4.137417958,"scan-filter-project,-2",1105232,0,0
4.2552155,"grouped-count-min-max,-2",1116656,0,0
4.364852166,"partitioned-join,-2",1134560,0,0
4.4825004580000005,"full-sort,-1",1142416,0,0
4.590573375,"full-sort,-1",1222016,0,0
4.702963083,"scan-filter-project,-1",1225760,0,0
4.821046666,"partitioned-join,-1",1309472,0,0
4.935999000000001,"top-k,-1",1315792,0,0
5.0458092080000005,"scan-filter-project,0",1334752,0,0
5.163039375,"grouped-count-min-max,0",1338928,0,0
5.282829958000001,"partitioned-join,0",1346992,0,0
5.396276458,"full-sort,0",1348288,0,0
5.516638833,idle,1360640,0,0
5.626113041,"partitioned-join,1",1362576,0,0
5.737570583,"full-sort,1",1364336,0,0
5.8559915,idle,1386864,0,0
5.981331666,"scan-filter-project,1",1387184,0,0
6.101283458,"partitioned-join,2",1388272,0,0
6.214521375,"top-k,2",1402928,0,0
6.329437875,idle,1490336,0,0
6.448592541,idle,1593440,0,0
6.564690000000001,"full-sort,3",1668240,0,0
6.688930125000001,idle,1835184,0,0
6.798336666,"scan-filter-project,3",1835184,0,0
6.913686625,"grouped-count-min-max,3",1835552,0,0
7.027857416000001,"partitioned-join,3",1836064,0,0
7.147573458,"full-sort,4",1837344,0,0
7.264537375000001,idle,1848160,0,0
7.381851666,"partitioned-join,4",1849152,0,0
7.497391041,"top-k,4",1851472,0,0
7.614766,retained,1851504,0,0
7.731380791,retained,1851504,0,0
7.848952666000001,retained,1851504,0,0
7.96717625,retained,1851504,0,0
8.083039000000001,retained,1851504,0,0
8.207613458,retained,1851504,0,0
8.331868375,retained,1851504,0,0
8.449789458,retained,1851504,0,0
8.567399125,retained,1851408,0,0
8.676880875,retained,1829920,0,0
8.783332916,retained,1829920,0,0
8.899741583,retained,1829920,0,0
9.007562625,retained,1829920,0,0
