query,iteration,planning_ms,execution_ms,total_ms,cpu_ms,rows,sha256,local_nodes,comet_nodes,dataframe_ms,physical_planning_ms
top-k,-2,1560.578958,687.951125,2248.530083,4442.065,1000,6294ce5ea7d28dd38cc0dab6fe9bcf246c157844b3f3c60200a244285c0bbf9d,0,0,1391.311375,169.267583
full-sort,-2,86.118833,492.657042,578.775875,3561.941,500000,326c8cd5e65bd77bc8a7437243f02e2309b03dd41d24b312f3b1efa781b29523,0,0,69.394458,16.724375
scan-filter-project,-2,104.957833,142.053542,247.011375,1148.18,5000,1b9e8a9719d1f242d0dae228256e9359a0829c63cf2e20a17838a0d30a61ce81,0,0,85.590541,19.367292
grouped-count-min-max,-2,75.660417,268.022208,343.682625,2010.406,4096,e3aec3706612f7c455fa955ab67bbf03d662048d4259b4d35a4e02ec6ba018b0,0,0,59.191792,16.468625
partitioned-join,-2,123.1715,185.307667,308.479167,1491.561,5000,4fd3e43ff9b1f55b66c475fb0812d7755c20f9714c8493a0a2461df54db90876,0,0,97.708584,25.462916
full-sort,-1,46.875667,171.9335,218.809167,1116.669,500000,326c8cd5e65bd77bc8a7437243f02e2309b03dd41d24b312f3b1efa781b29523,0,0,42.68775,4.187917
scan-filter-project,-1,50.016792,77.794791,127.811583,702.761,5000,1b9e8a9719d1f242d0dae228256e9359a0829c63cf2e20a17838a0d30a61ce81,0,0,44.644583,5.372209
grouped-count-min-max,-1,94.257334,90.116458,184.373792,858.105,4096,e3aec3706612f7c455fa955ab67bbf03d662048d4259b4d35a4e02ec6ba018b0,0,0,79.64025,14.617084
partitioned-join,-1,70.453584,93.3825,163.836084,689.848,5000,4fd3e43ff9b1f55b66c475fb0812d7755c20f9714c8493a0a2461df54db90876,0,0,62.811709,7.641875
top-k,-1,36.876584,48.424375,85.300959,326.029,1000,6294ce5ea7d28dd38cc0dab6fe9bcf246c157844b3f3c60200a244285c0bbf9d,0,0,33.618875,3.257709
scan-filter-project,0,35.549042,25.312625,60.861667,211.521,5000,1b9e8a9719d1f242d0dae228256e9359a0829c63cf2e20a17838a0d30a61ce81,0,0,32.270208,3.278834
grouped-count-min-max,0,34.966417,52.801917,87.768334,333.542,4096,e3aec3706612f7c455fa955ab67bbf03d662048d4259b4d35a4e02ec6ba018b0,0,0,32.327584,2.638833
partitioned-join,0,97.574833,73.320042,170.894875,523.709,5000,4fd3e43ff9b1f55b66c475fb0812d7755c20f9714c8493a0a2461df54db90876,0,0,91.467833,6.107
top-k,0,37.826583,27.281125,65.107708,228.571,1000,6294ce5ea7d28dd38cc0dab6fe9bcf246c157844b3f3c60200a244285c0bbf9d,0,0,35.284208,2.542375
full-sort,0,41.9445,106.468125,148.412625,598.474,500000,326c8cd5e65bd77bc8a7437243f02e2309b03dd41d24b312f3b1efa781b29523,0,0,38.70075,3.24375
grouped-count-min-max,1,51.825166,78.449,130.274166,638.916,4096,e3aec3706612f7c455fa955ab67bbf03d662048d4259b4d35a4e02ec6ba018b0,0,0,49.216,2.609166
partitioned-join,1,63.61525,86.201333,149.816583,575.384,5000,4fd3e43ff9b1f55b66c475fb0812d7755c20f9714c8493a0a2461df54db90876,0,0,58.155292,5.459958
top-k,1,34.057791,26.126709,60.1845,195.222,1000,6294ce5ea7d28dd38cc0dab6fe9bcf246c157844b3f3c60200a244285c0bbf9d,0,0,31.256708,2.801083
full-sort,1,43.696125,113.35025,157.046375,592.048,500000,326c8cd5e65bd77bc8a7437243f02e2309b03dd41d24b312f3b1efa781b29523,0,0,40.540167,3.155958
scan-filter-project,1,51.033125,43.661084,94.694209,418.838,5000,1b9e8a9719d1f242d0dae228256e9359a0829c63cf2e20a17838a0d30a61ce81,0,0,47.969209,3.063916
partitioned-join,2,63.513291,90.92125,154.434541,805.15,5000,4fd3e43ff9b1f55b66c475fb0812d7755c20f9714c8493a0a2461df54db90876,0,0,58.742625,4.770666
top-k,2,35.139583,24.104042,59.243625,158.953,1000,6294ce5ea7d28dd38cc0dab6fe9bcf246c157844b3f3c60200a244285c0bbf9d,0,0,32.487666,2.651917
full-sort,2,33.38225,121.091375,154.473625,644.253,500000,326c8cd5e65bd77bc8a7437243f02e2309b03dd41d24b312f3b1efa781b29523,0,0,31.235542,2.146708
scan-filter-project,2,37.823916,22.480875,60.304791,163.936,5000,1b9e8a9719d1f242d0dae228256e9359a0829c63cf2e20a17838a0d30a61ce81,0,0,35.093,2.730916
grouped-count-min-max,2,31.887417,53.723083,85.6105,354.513,4096,e3aec3706612f7c455fa955ab67bbf03d662048d4259b4d35a4e02ec6ba018b0,0,0,29.3255,2.561917
top-k,3,59.871792,23.965042,83.836834,235.477,1000,6294ce5ea7d28dd38cc0dab6fe9bcf246c157844b3f3c60200a244285c0bbf9d,0,0,57.261584,2.610208
full-sort,3,86.00475,110.915208,196.919958,737.481,500000,326c8cd5e65bd77bc8a7437243f02e2309b03dd41d24b312f3b1efa781b29523,0,0,83.488125,2.516625
scan-filter-project,3,118.22725,21.341791,139.569041,195.878,5000,1b9e8a9719d1f242d0dae228256e9359a0829c63cf2e20a17838a0d30a61ce81,0,0,115.229166,2.998084
grouped-count-min-max,3,30.444667,66.772708,97.217375,491.828,4096,e3aec3706612f7c455fa955ab67bbf03d662048d4259b4d35a4e02ec6ba018b0,0,0,28.330417,2.11425
partitioned-join,3,72.511542,66.477292,138.988834,453.476,5000,4fd3e43ff9b1f55b66c475fb0812d7755c20f9714c8493a0a2461df54db90876,0,0,67.754584,4.756958
full-sort,4,30.718042,106.354083,137.072125,495.509,500000,326c8cd5e65bd77bc8a7437243f02e2309b03dd41d24b312f3b1efa781b29523,0,0,28.776084,1.941958
scan-filter-project,4,32.857583,21.17475,54.032333,113.043,5000,1b9e8a9719d1f242d0dae228256e9359a0829c63cf2e20a17838a0d30a61ce81,0,0,30.195625,2.661958
grouped-count-min-max,4,30.179209,75.742,105.921209,604.751,4096,e3aec3706612f7c455fa955ab67bbf03d662048d4259b4d35a4e02ec6ba018b0,0,0,28.074,2.105209
partitioned-join,4,122.535417,65.420375,187.955792,452.317,5000,4fd3e43ff9b1f55b66c475fb0812d7755c20f9714c8493a0a2461df54db90876,0,0,118.12775,4.407667
top-k,4,31.260625,27.155375,58.416,145.985,1000,6294ce5ea7d28dd38cc0dab6fe9bcf246c157844b3f3c60200a244285c0bbf9d,0,0,28.817666,2.442959
