elapsed_s,phase,rss_kib,native_temp_bytes,spark_temp_bytes
0.03012050036340952,startup,6512,0,0
0.13751720823347569,startup,68432,0,0
0.251093375030905,startup,130288,0,0
0.36269037518650293,startup,218832,0,0
0.4704671250656247,startup,244048,0,0
0.585043125320226,startup,263696,0,0
0.6994648333638906,startup,302736,0,0
0.8116063750348985,startup,327968,0,0
0.9201811249367893,startup,334144,0,0
1.0319381663575768,startup,343264,0,0
1.145633750129491,startup,380496,0,0
1.257318708114326,startup,386512,0,0
1.3816383751109242,startup,395760,0,0
1.4916425002738833,startup,404432,0,0
1.6059475410729647,startup,426256,0,0
1.7178368750028312,"top-k,-2",448560,0,0
1.8346629161387682,"top-k,-2",479248,0,0
1.9473085831850767,"top-k,-2",485440,0,0
2.06535791605711,"top-k,-2",492672,0,0
2.1750040003098547,"top-k,-2",500816,0,0
2.2907629162073135,"top-k,-2",507568,0,0
2.408891875296831,"top-k,-2",515152,0,0
2.5252210409380496,"top-k,-2",542784,0,0
2.6376928333193064,"top-k,-2",574576,0,0
2.745381874963641,"top-k,-2",605040,0,0
2.8572258329950273,"top-k,-2",655616,0,0
2.9711399162188172,"top-k,-2",659664,0,0
3.0862139579840004,"top-k,-2",666048,0,0
3.2125508333556354,"top-k,-2",671904,0,0
3.324714166112244,"top-k,-2",678320,0,0
3.442084915935993,"top-k,-2",684768,0,0
3.5576794161461294,"top-k,-2",690768,0,0
3.6647423333488405,"top-k,-2",696832,0,0
3.776699958369136,"top-k,-2",699936,0,0
3.8890112079679966,"top-k,-2",705584,0,0
4.0004787081852555,"top-k,-2",726176,0,0
4.110475666355342,"top-k,-2",726176,0,0
4.227106708101928,"top-k,-2",726528,0,0
4.3435032912530005,"top-k,-2",751280,0,30548
4.455883624963462,"top-k,-2",770928,0,30548
4.568525791168213,"full-sort,-2",807056,0,30548
4.683974415995181,"full-sort,-2",1073664,0,0
4.795296083204448,"full-sort,-2",1194048,0,40837924
4.912463125307113,"full-sort,-2",1238160,0,40837924
5.029699000064284,"full-sort,-2",1304224,0,40837924
5.148883416317403,"full-sort,-2",1313520,0,40837924
5.274708125274628,"full-sort,-2",1663456,0,40837924
5.393953165970743,idle,1941792,0,40837924
5.508004375267774,idle,2187904,0,40837924
5.621954374946654,idle,2357088,0,40837924
5.734245083294809,idle,2357088,0,40837924
5.8478811252862215,idle,2357088,0,40837924
5.962434125132859,"scan-filter-project,-2",2360496,0,40837924
6.078868916258216,"scan-filter-project,-2",2367808,0,40837924
6.207795000169426,"grouped-count-min-max,-2",2383312,0,40837924
6.327551583293825,"partitioned-join,-2",2390832,0,41064859
6.45042979111895,"partitioned-join,-2",2436032,0,61800597
6.573920249938965,"full-sort,-1",2441920,0,61573662
6.693238249979913,"full-sort,-1",2465760,0,40838940
6.813210291322321,"full-sort,-1",1604656,0,40838940
6.930920124985278,"full-sort,-1",1416080,0,40838940
7.047994416207075,"full-sort,-1",1518400,0,40838940
7.16368933301419,"full-sort,-1",1910096,0,40838940
7.286656750366092,idle,2311088,0,40838940
7.402411540970206,idle,2489312,0,40838940
7.515417583286762,idle,2503200,0,40838940
7.636342791374773,idle,2503200,0,40838940
7.747102833352983,"scan-filter-project,-1",2503968,0,40838940
7.86582687497139,"grouped-count-min-max,-1",2509408,0,0
7.986874000169337,"partitioned-join,-1",1555664,0,20962673
8.10648158332333,"scan-filter-project,0",1524112,0,20993221
8.225604708306491,"grouped-count-min-max,0",1533392,0,0
8.34469504095614,"partitioned-join,0",1384160,0,20962673
8.463255333248526,"full-sort,0",1386128,0,20993221
8.580117291305214,"full-sort,0",1393296,0,27517441
8.707409791182727,"full-sort,0",1401424,0,40840255
8.831315791234374,"full-sort,0",1441168,0,40840255
8.963452666066587,"full-sort,0",1533088,0,40840255
9.092298791278154,"full-sort,0",1979472,0,40840255
9.21435104124248,idle,2276656,0,40840255
9.328354083001614,idle,2481184,0,40840255
9.465698291081935,idle,2599456,0,40840255
9.584763207938522,idle,2599456,0,40840255
9.702685083262622,idle,2611312,0,40840255
9.82518570823595,"grouped-count-min-max,1",2613152,0,41067190
9.941638375166804,"partitioned-join,1",2614176,0,61802928
10.069798415992409,"full-sort,1",2618544,0,30548
10.230941000394523,"full-sort,1",1801024,0,27169152
10.360573708079755,"full-sort,1",1459904,0,40838654
10.481414875015616,"full-sort,1",1467440,0,40838654
10.60754237510264,"full-sort,1",1520704,0,40838654
10.731622083112597,"full-sort,1",1685856,0,40838654
10.856374041177332,"full-sort,1",2139216,0,40838654
10.973531041294336,idle,2406240,0,40838654
11.09816012531519,idle,2699632,0,40838654
11.216738291084766,idle,2743136,0,40838654
11.334074500016868,idle,2743136,0,40838654
11.450281500350684,idle,2743136,0,40838654
11.56760587496683,"partitioned-join,2",2785024,0,41047165
11.697364166378975,"top-k,2",2799776,0,40838726
11.820737208239734,"full-sort,2",2810288,0,0
11.938917291350663,"full-sort,2",1882400,0,40837927
12.060409750323743,"full-sort,2",1492400,0,40837927
12.17773324996233,"full-sort,2",1493696,0,40837927
12.304037250112742,"full-sort,2",1742560,0,40837927
12.437165166251361,"full-sort,2",2087264,0,40837927
12.564887790940702,idle,2481504,0,40837927
12.687129416037351,idle,2716400,0,40837927
12.804403375368565,idle,2727856,0,40837927
12.91878170799464,idle,2727856,0,40837927
13.038200250361115,idle,2741136,0,40837927
13.153855916112661,"grouped-count-min-max,2",2741584,0,40837927
13.272202708292753,"top-k,3",2744224,0,22866
13.400491415988654,"full-sort,3",2359120,0,0
13.53261712519452,"full-sort,3",1520416,0,40837364
13.652488875202835,"full-sort,3",1521312,0,40837364
13.770112958271056,"full-sort,3",1521536,0,40837364
13.900062708184123,"full-sort,3",1748976,0,40837364
14.037244958337396,idle,2188496,0,40837364
14.154157625045627,idle,2451168,0,40837364
14.271114458329976,idle,2608160,0,40837364
14.387804250232875,idle,2652400,0,40837364
14.505012250039726,idle,2652400,0,40837364
14.62145583331585,"scan-filter-project,3",2666656,0,40837364
14.737801250070333,"grouped-count-min-max,3",2667200,0,40837364
14.852830749936402,"partitioned-join,3",2671296,0,61800037
14.971524916123599,"full-sort,4",2677392,0,0
15.087513125035912,"full-sort,4",2042480,0,40838939
15.209419040940702,"full-sort,4",1591744,0,40838939
15.327313832938671,"full-sort,4",1594976,0,40838939
15.444958500098437,"full-sort,4",1696032,0,40838939
15.568674083333462,"full-sort,4",2142000,0,40838939
15.689808000344783,idle,2445968,0,40838939
15.807529625017196,idle,2618272,0,40838939
15.929571166168898,idle,2689728,0,40838939
16.045712291263044,idle,2689728,0,40838939
16.16144320834428,"scan-filter-project,4",2703344,0,40838939
16.276030750013888,"grouped-count-min-max,4",2703968,0,40838939
16.39093600027263,"partitioned-join,4",2706144,0,61801612
16.508902000263333,retained,2707680,0,61832160
16.62455541593954,retained,2707680,0,61832160
16.73754808306694,retained,2707680,0,61832160
16.850044708233327,retained,2707680,0,61832160
16.969083458185196,retained,2707680,0,61832160
17.08891304116696,retained,2707680,0,61832160
17.204214375000447,retained,2707680,0,61832160
17.31899525038898,retained,2707680,0,61832160
17.433112000115216,retained,2707680,0,61832160
17.54844595817849,retained,2686304,0,0
17.661851750221103,retained,2685968,0,0
17.771705250255764,retained,2685968,0,0
17.881009000353515,retained,2685968,0,0
17.991943958215415,retained,0,0,0
