query,iteration,planning_ms,execution_ms,total_ms,cpu_ms,rows,sha256,local_nodes,comet_nodes,dataframe_ms,physical_planning_ms
top-k,-2,1695.069459,1156.535541,2851.605,5238.083,1000,a61753475f1626e300b9cc33a7511ffde14988bdce607d87a239d87c323d88d3,0,4,1022.898542,672.170917
full-sort,-2,41.299458,841.557792,882.85725,5330.37,5000000,a35a02cb1914ad7129114bf35866c36aabf04c456e6acc9e7f5b8a6148c546a7,0,5,16.186417,25.113041
scan-filter-project,-2,60.840459,118.479416,179.319875,1448.863,50000,132d4842fe598c56c831f05d014103e84ee78a3427f57dda1af7cf25bbb17586,0,4,28.172167,32.668292
grouped-count-min-max,-2,82.797583,103.42525,186.222833,879.626,4096,44d72945f720a18307528d13c03c4d57646dc7f17bb149f99144104ae2967cdf,0,5,27.123833,55.67375
partitioned-join,-2,60.221125,121.319833,181.540958,1125.163,50000,7253672c069452fe8863156958af7ba048aab03bee91d9d84d95680b27110f6e,0,9,25.521667,34.699458
full-sort,-1,16.644791,694.895209,711.54,3912.333,5000000,a35a02cb1914ad7129114bf35866c36aabf04c456e6acc9e7f5b8a6148c546a7,0,5,9.52775,7.117041
scan-filter-project,-1,18.48825,55.273875,73.762125,400.719,50000,132d4842fe598c56c831f05d014103e84ee78a3427f57dda1af7cf25bbb17586,0,4,10.765708,7.722542
grouped-count-min-max,-1,14.991708,70.902625,85.894333,415.257,4096,44d72945f720a18307528d13c03c4d57646dc7f17bb149f99144104ae2967cdf,0,5,7.812958,7.17875
partitioned-join,-1,22.879542,103.511875,126.391417,588.696,50000,7253672c069452fe8863156958af7ba048aab03bee91d9d84d95680b27110f6e,0,9,12.157875,10.721667
top-k,-1,16.633708,45.377292,62.011,362.61,1000,a61753475f1626e300b9cc33a7511ffde14988bdce607d87a239d87c323d88d3,0,4,8.3515,8.282208
scan-filter-project,0,14.593584,51.31475,65.908334,300.452,50000,132d4842fe598c56c831f05d014103e84ee78a3427f57dda1af7cf25bbb17586,0,4,8.29125,6.302334
grouped-count-min-max,0,13.945041,69.592917,83.537958,428.256,4096,44d72945f720a18307528d13c03c4d57646dc7f17bb149f99144104ae2967cdf,0,5,7.635416,6.309625
partitioned-join,0,19.981,96.468208,116.449208,583.43,50000,7253672c069452fe8863156958af7ba048aab03bee91d9d84d95680b27110f6e,0,9,11.098458,8.882542
top-k,0,12.602625,47.04525,59.647875,287.353,1000,a61753475f1626e300b9cc33a7511ffde14988bdce607d87a239d87c323d88d3,0,4,8.16475,4.437875
full-sort,0,11.375625,698.871292,710.246917,3773.545,5000000,a35a02cb1914ad7129114bf35866c36aabf04c456e6acc9e7f5b8a6148c546a7,0,5,6.781,4.594625
grouped-count-min-max,1,13.877625,76.232333,90.109958,346.174,4096,44d72945f720a18307528d13c03c4d57646dc7f17bb149f99144104ae2967cdf,0,5,7.479792,6.397833
partitioned-join,1,19.4575,97.284958,116.742458,484.375,50000,7253672c069452fe8863156958af7ba048aab03bee91d9d84d95680b27110f6e,0,9,11.29,8.1675
top-k,1,12.806459,58.6525,71.458959,592.271,1000,a61753475f1626e300b9cc33a7511ffde14988bdce607d87a239d87c323d88d3,0,4,7.9715,4.834959
full-sort,1,14.806917,829.152417,843.959334,3828.638,5000000,a35a02cb1914ad7129114bf35866c36aabf04c456e6acc9e7f5b8a6148c546a7,0,5,9.356084,5.450833
scan-filter-project,1,14.638542,49.317,63.955542,233.166,50000,132d4842fe598c56c831f05d014103e84ee78a3427f57dda1af7cf25bbb17586,0,4,7.849458,6.789084
partitioned-join,2,16.684375,93.603375,110.28775,469.893,50000,7253672c069452fe8863156958af7ba048aab03bee91d9d84d95680b27110f6e,0,9,9.854125,6.83025
top-k,2,12.510291,54.565875,67.076166,345.035,1000,a61753475f1626e300b9cc33a7511ffde14988bdce607d87a239d87c323d88d3,0,4,7.83175,4.678541
full-sort,2,11.140916,697.355625,708.496541,3548.491,5000000,a35a02cb1914ad7129114bf35866c36aabf04c456e6acc9e7f5b8a6148c546a7,0,5,7.080875,4.060041
scan-filter-project,2,13.042584,55.277291,68.319875,237.883,50000,132d4842fe598c56c831f05d014103e84ee78a3427f57dda1af7cf25bbb17586,0,4,8.007959,5.034625
grouped-count-min-max,2,11.569375,67.789417,79.358792,300.767,4096,44d72945f720a18307528d13c03c4d57646dc7f17bb149f99144104ae2967cdf,0,5,6.658333,4.911042
top-k,3,12.659708,49.591625,62.251333,375.784,1000,a61753475f1626e300b9cc33a7511ffde14988bdce607d87a239d87c323d88d3,0,4,8.611041,4.048667
full-sort,3,13.429167,710.4695,723.898667,3419.819,5000000,a35a02cb1914ad7129114bf35866c36aabf04c456e6acc9e7f5b8a6148c546a7,0,5,8.751209,4.677958
scan-filter-project,3,13.292208,52.160458,65.452666,243.644,50000,132d4842fe598c56c831f05d014103e84ee78a3427f57dda1af7cf25bbb17586,0,4,7.527,5.765208
grouped-count-min-max,3,11.570584,65.925291,77.495875,275.671,4096,44d72945f720a18307528d13c03c4d57646dc7f17bb149f99144104ae2967cdf,0,5,6.331834,5.23875
partitioned-join,3,17.030292,91.730375,108.760667,462.37,50000,7253672c069452fe8863156958af7ba048aab03bee91d9d84d95680b27110f6e,0,9,9.988833,7.041459
full-sort,4,11.053,685.758083,696.811083,3442.154,5000000,a35a02cb1914ad7129114bf35866c36aabf04c456e6acc9e7f5b8a6148c546a7,0,5,6.906583,4.146417
scan-filter-project,4,11.219167,51.849917,63.069084,195.742,50000,132d4842fe598c56c831f05d014103e84ee78a3427f57dda1af7cf25bbb17586,0,4,7.093792,4.125375
grouped-count-min-max,4,9.4845,64.086,73.5705,294.594,4096,44d72945f720a18307528d13c03c4d57646dc7f17bb149f99144104ae2967cdf,0,5,5.458208,4.026292
partitioned-join,4,14.469458,87.357875,101.827333,372.317,50000,7253672c069452fe8863156958af7ba048aab03bee91d9d84d95680b27110f6e,0,9,9.068708,5.40075
top-k,4,11.809,55.392917,67.201917,199.629,1000,a61753475f1626e300b9cc33a7511ffde14988bdce607d87a239d87c323d88d3,0,4,6.942,4.867
