elapsed_s,phase,rss_kib,native_temp_bytes,spark_temp_bytes
0.030070750042796135,startup,7504,0,0
0.1421940829604864,startup,70912,0,0
0.2542262910865247,startup,144144,0,0
0.36529833311215043,startup,225024,0,0
0.4772110409103334,startup,247152,0,0
0.5893379999324679,startup,269968,0,0
0.705850875005126,startup,306048,0,0
0.8206916661001742,startup,333008,0,0
0.9291280410252512,startup,339648,0,0
1.0403951248154044,startup,352928,0,0
1.1510194158181548,startup,391536,0,0
1.2587416251190007,startup,396368,0,0
1.3683086247183383,startup,403776,0,0
1.4762897500768304,startup,410448,0,0
1.5843106247484684,startup,427360,0,0
1.6966659580357373,"top-k,-2",458464,0,0
1.8061765409074724,"top-k,-2",490384,0,0
1.917928165756166,"top-k,-2",497712,0,0
2.026692375075072,"top-k,-2",504864,0,0
2.1409034999087453,"top-k,-2",513328,0,0
2.253015124704689,"top-k,-2",523456,0,0
2.365480165928602,"top-k,-2",536128,0,0
2.4774003326892853,"top-k,-2",567488,0,0
2.585612124763429,"top-k,-2",590080,0,0
2.7002417501062155,"top-k,-2",621904,0,0
2.8142975829541683,"top-k,-2",667616,0,0
2.925898749846965,"top-k,-2",672304,0,0
3.0345690408721566,"top-k,-2",678128,0,0
3.1455595828592777,"top-k,-2",683792,0,0
3.2718065408989787,"top-k,-2",688880,0,0
3.380092832725495,"top-k,-2",694576,0,0
3.495240875054151,"top-k,-2",701904,0,0
3.6025146250613034,"top-k,-2",703856,0,0
3.7168698329478502,"top-k,-2",708208,0,0
3.8302435409277678,"top-k,-2",736960,0,0
3.942636124789715,"top-k,-2",737984,0,0
4.053145665675402,"top-k,-2",741712,0,0
4.168290915898979,"full-sort,-2",929952,0,0
4.278173790778965,"full-sort,-2",1135936,0,0
4.390200790949166,"full-sort,-2",1322848,0,0
4.509860583115369,"full-sort,-2",1674272,0,0
4.622844249941409,idle,1964864,0,0
4.734813374932855,idle,2266336,0,0
4.846611041110009,idle,2388528,0,0
4.959159040823579,idle,2389072,0,0
5.075312166009098,idle,2401216,0,0
5.194003165699542,"scan-filter-project,-2",2410544,0,0
5.311387582682073,"grouped-count-min-max,-2",2419856,0,0
5.427343915682286,"partitioned-join,-2",2435936,0,0
5.54015079094097,idle,2441504,0,0
5.655611915979534,"full-sort,-1",1977200,0,0
5.770210457965732,"full-sort,-1",1607488,0,0
5.894575708080083,"full-sort,-1",2037632,0,0
6.009762458037585,idle,2238592,0,0
6.128631124738604,idle,2494944,0,0
6.242827957961708,idle,2513440,0,0
6.3595373746939,idle,2513440,0,0
6.482429957948625,"scan-filter-project,-1",2521712,0,0
6.596170416101813,"partitioned-join,-1",2556112,0,0
6.70955012505874,idle,2575328,0,0
6.821532957721502,"grouped-count-min-max,0",2320080,0,0
6.935791332740337,"top-k,0",1642256,0,0
7.04949358291924,"full-sort,0",1651408,0,0
7.163052790798247,"full-sort,0",1789680,0,0
7.276546291075647,"full-sort,0",2100448,0,0
7.3916430827230215,idle,2298480,0,0
7.505795207805932,idle,2598912,0,0
7.621450582984835,idle,2617728,0,0
7.732592124957591,idle,2621984,0,0
7.846558457706124,idle,2621936,0,0
7.9582597077824175,"partitioned-join,1",2633696,0,0
8.07058558287099,"full-sort,1",2635760,0,0
8.181574457790703,"full-sort,1",2655040,0,0
8.304560957942158,"full-sort,1",2811232,0,0
8.420467999763787,idle,2670880,0,0
8.541316125076264,idle,2751872,0,0
8.65703516593203,idle,2839680,0,0
8.767813415732235,idle,2843856,0,0
8.880928208120167,idle,2843856,0,0
8.99513266608119,"scan-filter-project,1",2847232,0,0
9.121639082673937,"top-k,2",2850352,0,0
9.23229099996388,"full-sort,2",2861200,0,0
9.343320082873106,"full-sort,2",2861872,0,0
9.46871804073453,"full-sort,2",2458576,0,0
9.581625041086227,idle,2574752,0,0
9.700082582887262,idle,2722144,0,0
9.815441374666989,idle,2726448,0,0
9.927653832826763,idle,2726448,0,0
10.040853624697775,"scan-filter-project,2",2737472,0,0
10.152179999742657,"grouped-count-min-max,2",2740528,0,0
10.276974707841873,"full-sort,3",2276400,0,0
10.392489207908511,"full-sort,3",1677264,0,0
10.523206332698464,"full-sort,3",1919984,0,0
10.641279832925647,idle,2227520,0,0
10.754371457733214,idle,2471232,0,0
10.86840441590175,idle,2683600,0,0
10.987834915984422,idle,2683600,0,0
11.099225415848196,idle,2683600,0,0
11.216527540702373,idle,2692256,0,0
11.338041707873344,"grouped-count-min-max,3",2698432,0,0
11.458894249983132,"partitioned-join,3",2705360,0,0
11.580722874961793,"full-sort,4",2727632,0,0
11.70073620788753,"full-sort,4",2800736,0,0
11.814913374837488,"full-sort,4",2576896,0,0
11.935001166071743,idle,2638528,0,0
12.05882737506181,idle,2840128,0,0
12.179909457918257,idle,2858736,0,0
12.298342624679208,idle,2858768,0,0
12.420477124862373,"scan-filter-project,4",2858896,0,0
12.538402415812016,"partitioned-join,4",2860752,0,0
12.655546915717423,retained,1932032,0,0
12.773059332743287,retained,1755536,0,0
12.8938834159635,retained,1755536,0,0
13.013656083028764,retained,1755536,0,0
13.134485957678407,retained,1755552,0,0
13.256715582683682,retained,1755760,0,0
13.382617624942213,retained,1755760,0,0
13.507843415718526,retained,1755760,0,0
13.632202290929854,retained,1755760,0,0
13.749574207700789,retained,1738864,0,0
13.859735999722034,retained,1738864,0,0
13.966602208092809,retained,1738864,0,0
14.077941999770701,retained,1738864,0,0
