query,iteration,planning_ms,execution_ms,total_ms,cpu_ms,rows,sha256,local_nodes,comet_nodes,dataframe_ms,physical_planning_ms
top-k,-2,1566.408833,860.262709,2426.671542,3714.28,1000,a61753475f1626e300b9cc33a7511ffde14988bdce607d87a239d87c323d88d3,1,2,925.418333,640.9905
full-sort,-2,39.043958,449.696,488.739958,2410.608,5000000,a35a02cb1914ad7129114bf35866c36aabf04c456e6acc9e7f5b8a6148c546a7,1,2,16.397666,22.646292
scan-filter-project,-2,54.848291,97.638375,152.486666,813.685,50000,132d4842fe598c56c831f05d014103e84ee78a3427f57dda1af7cf25bbb17586,1,2,21.715666,33.132625
grouped-count-min-max,-2,76.028875,67.568667,143.597542,452.755,4096,44d72945f720a18307528d13c03c4d57646dc7f17bb149f99144104ae2967cdf,1,2,25.903,50.125875
partitioned-join,-2,68.275375,42.308709,110.584084,456.531,50000,7253672c069452fe8863156958af7ba048aab03bee91d9d84d95680b27110f6e,1,2,28.875167,39.400208
full-sort,-1,18.673167,357.25975,375.932917,1722.18,5000000,a35a02cb1914ad7129114bf35866c36aabf04c456e6acc9e7f5b8a6148c546a7,1,2,10.017042,8.656125
scan-filter-project,-1,19.21025,55.90375,75.114,316.99,50000,132d4842fe598c56c831f05d014103e84ee78a3427f57dda1af7cf25bbb17586,1,2,10.442583,8.767667
grouped-count-min-max,-1,15.628583,52.755083,68.383666,250.387,4096,44d72945f720a18307528d13c03c4d57646dc7f17bb149f99144104ae2967cdf,1,2,8.95425,6.674333
partitioned-join,-1,23.921417,36.951125,60.872542,227.639,50000,7253672c069452fe8863156958af7ba048aab03bee91d9d84d95680b27110f6e,1,2,12.09975,11.821667
top-k,-1,15.58925,34.033084,49.622334,247.626,1000,a61753475f1626e300b9cc33a7511ffde14988bdce607d87a239d87c323d88d3,1,2,8.3305,7.25875
scan-filter-project,0,17.617,50.437458,68.054458,304.676,50000,132d4842fe598c56c831f05d014103e84ee78a3427f57dda1af7cf25bbb17586,1,2,9.928792,7.688208
grouped-count-min-max,0,12.888875,53.307167,66.196042,336.169,4096,44d72945f720a18307528d13c03c4d57646dc7f17bb149f99144104ae2967cdf,1,2,7.328708,5.560167
partitioned-join,0,22.991708,43.405709,66.397417,263.636,50000,7253672c069452fe8863156958af7ba048aab03bee91d9d84d95680b27110f6e,1,2,13.01625,9.975458
top-k,0,14.167417,27.626167,41.793584,178.504,1000,a61753475f1626e300b9cc33a7511ffde14988bdce607d87a239d87c323d88d3,1,2,9.717292,4.450125
full-sort,0,12.797042,350.3825,363.179542,1652.978,5000000,a35a02cb1914ad7129114bf35866c36aabf04c456e6acc9e7f5b8a6148c546a7,1,2,7.4715,5.325542
grouped-count-min-max,1,12.298209,56.1655,68.463709,398.762,4096,44d72945f720a18307528d13c03c4d57646dc7f17bb149f99144104ae2967cdf,1,2,7.696167,4.602042
partitioned-join,1,20.029958,36.451709,56.481667,173.725,50000,7253672c069452fe8863156958af7ba048aab03bee91d9d84d95680b27110f6e,1,2,11.635167,8.394791
top-k,1,12.044417,25.898583,37.943,133.592,1000,a61753475f1626e300b9cc33a7511ffde14988bdce607d87a239d87c323d88d3,1,2,7.885709,4.158708
full-sort,1,10.564875,355.730916,366.295791,1556.354,5000000,a35a02cb1914ad7129114bf35866c36aabf04c456e6acc9e7f5b8a6148c546a7,1,2,5.8505,4.714375
scan-filter-project,1,14.954042,53.164958,68.119,240.082,50000,132d4842fe598c56c831f05d014103e84ee78a3427f57dda1af7cf25bbb17586,1,2,8.76475,6.189292
partitioned-join,2,17.60225,38.69125,56.2935,243.677,50000,7253672c069452fe8863156958af7ba048aab03bee91d9d84d95680b27110f6e,1,2,10.423708,7.178542
top-k,2,11.76625,26.196792,37.963042,144.978,1000,a61753475f1626e300b9cc33a7511ffde14988bdce607d87a239d87c323d88d3,1,2,6.765792,5.000458
full-sort,2,9.643959,342.955541,352.5995,1937.416,5000000,a35a02cb1914ad7129114bf35866c36aabf04c456e6acc9e7f5b8a6148c546a7,1,2,6.038,3.605959
scan-filter-project,2,13.300375,52.115416,65.415791,259.334,50000,132d4842fe598c56c831f05d014103e84ee78a3427f57dda1af7cf25bbb17586,1,2,7.661791,5.638584
grouped-count-min-max,2,10.574083,53.703,64.277083,321.737,4096,44d72945f720a18307528d13c03c4d57646dc7f17bb149f99144104ae2967cdf,1,2,6.346708,4.227375
top-k,3,13.099667,26.390792,39.490459,150.127,1000,a61753475f1626e300b9cc33a7511ffde14988bdce607d87a239d87c323d88d3,1,2,7.932209,5.167458
full-sort,3,10.504416,386.239084,396.7435,2022.743,5000000,a35a02cb1914ad7129114bf35866c36aabf04c456e6acc9e7f5b8a6148c546a7,1,2,6.428041,4.076375
scan-filter-project,3,15.018375,54.884958,69.903333,438.305,50000,132d4842fe598c56c831f05d014103e84ee78a3427f57dda1af7cf25bbb17586,1,2,8.191667,6.826708
grouped-count-min-max,3,14.378416,61.53525,75.913666,494.28,4096,44d72945f720a18307528d13c03c4d57646dc7f17bb149f99144104ae2967cdf,1,2,9.482166,4.89625
partitioned-join,3,22.4975,59.03025,81.52775,480.118,50000,7253672c069452fe8863156958af7ba048aab03bee91d9d84d95680b27110f6e,1,2,13.205542,9.291958
full-sort,4,10.386833,370.726417,381.11325,1667.042,5000000,a35a02cb1914ad7129114bf35866c36aabf04c456e6acc9e7f5b8a6148c546a7,1,2,6.596791,3.790042
scan-filter-project,4,11.13,49.416167,60.546167,286.863,50000,132d4842fe598c56c831f05d014103e84ee78a3427f57dda1af7cf25bbb17586,1,2,7.005167,4.124833
grouped-count-min-max,4,8.200458,46.819,55.019458,211.149,4096,44d72945f720a18307528d13c03c4d57646dc7f17bb149f99144104ae2967cdf,1,2,5.052458,3.148
partitioned-join,4,15.259625,35.127833,50.387458,188.176,50000,7253672c069452fe8863156958af7ba048aab03bee91d9d84d95680b27110f6e,1,2,9.243292,6.016333
top-k,4,9.078167,27.060708,36.138875,114.836,1000,a61753475f1626e300b9cc33a7511ffde14988bdce607d87a239d87c323d88d3,1,2,5.758417,3.31975
