query,iteration,planning_ms,execution_ms,total_ms,cpu_ms,rows,sha256,local_nodes,comet_nodes,dataframe_ms,physical_planning_ms
top-k,-2,1052.976875,1330.545167,2383.522042,4785.485,1000,a61753475f1626e300b9cc33a7511ffde14988bdce607d87a239d87c323d88d3,0,0,876.148458,176.828417
full-sort,-2,29.237542,1613.613417,1642.850959,8607.129,5000000,a35a02cb1914ad7129114bf35866c36aabf04c456e6acc9e7f5b8a6148c546a7,0,0,13.4005,15.837042
scan-filter-project,-2,40.476875,353.5965,394.073375,1757.614,50000,132d4842fe598c56c831f05d014103e84ee78a3427f57dda1af7cf25bbb17586,0,0,24.3485,16.128375
grouped-count-min-max,-2,38.6285,484.415292,523.043792,2717.114,4096,44d72945f720a18307528d13c03c4d57646dc7f17bb149f99144104ae2967cdf,0,0,22.818875,15.809625
partitioned-join,-2,49.852792,412.768125,462.620917,2429.188,50000,7253672c069452fe8863156958af7ba048aab03bee91d9d84d95680b27110f6e,0,0,24.403625,25.449167
full-sort,-1,13.586834,949.165291,962.752125,4593.017,5000000,a35a02cb1914ad7129114bf35866c36aabf04c456e6acc9e7f5b8a6148c546a7,0,0,9.721209,3.865625
scan-filter-project,-1,15.883583,112.914167,128.79775,619.278,50000,132d4842fe598c56c831f05d014103e84ee78a3427f57dda1af7cf25bbb17586,0,0,11.630166,4.253417
grouped-count-min-max,-1,12.010916,182.826125,194.837041,1150.401,4096,44d72945f720a18307528d13c03c4d57646dc7f17bb149f99144104ae2967cdf,0,0,8.525791,3.485125
partitioned-join,-1,20.27325,274.317208,294.590458,1455.554,50000,7253672c069452fe8863156958af7ba048aab03bee91d9d84d95680b27110f6e,0,0,12.983,7.29025
top-k,-1,13.161875,99.764083,112.925958,623.606,1000,a61753475f1626e300b9cc33a7511ffde14988bdce607d87a239d87c323d88d3,0,0,9.8485,3.313375
scan-filter-project,0,16.353417,63.458208,79.811625,459.923,50000,132d4842fe598c56c831f05d014103e84ee78a3427f57dda1af7cf25bbb17586,0,0,12.313958,4.039459
grouped-count-min-max,0,10.421416,144.668625,155.090041,726.82,4096,44d72945f720a18307528d13c03c4d57646dc7f17bb149f99144104ae2967cdf,0,0,8.094458,2.326958
partitioned-join,0,17.909959,269.403958,287.313917,1169.414,50000,7253672c069452fe8863156958af7ba048aab03bee91d9d84d95680b27110f6e,0,0,11.934334,5.975625
top-k,0,10.342125,73.944917,84.287042,332.2,1000,a61753475f1626e300b9cc33a7511ffde14988bdce607d87a239d87c323d88d3,0,0,7.681,2.661125
full-sort,0,17.485917,919.720291,937.206208,4111.334,5000000,a35a02cb1914ad7129114bf35866c36aabf04c456e6acc9e7f5b8a6148c546a7,0,0,11.97925,5.506667
grouped-count-min-max,1,9.766291,130.840875,140.607166,587.299,4096,44d72945f720a18307528d13c03c4d57646dc7f17bb149f99144104ae2967cdf,0,0,7.45375,2.312541
partitioned-join,1,17.945709,273.491166,291.436875,1145.626,50000,7253672c069452fe8863156958af7ba048aab03bee91d9d84d95680b27110f6e,0,0,12.023042,5.922667
top-k,1,9.729916,82.705292,92.435208,470.076,1000,a61753475f1626e300b9cc33a7511ffde14988bdce607d87a239d87c323d88d3,0,0,7.456875,2.273041
full-sort,1,9.213709,870.262875,879.476584,3912.716,5000000,a35a02cb1914ad7129114bf35866c36aabf04c456e6acc9e7f5b8a6148c546a7,0,0,6.42975,2.783959
scan-filter-project,1,10.407,65.813166,76.220166,321.591,50000,132d4842fe598c56c831f05d014103e84ee78a3427f57dda1af7cf25bbb17586,0,0,7.395916,3.011084
partitioned-join,2,17.821709,246.483041,264.30475,1205.773,50000,7253672c069452fe8863156958af7ba048aab03bee91d9d84d95680b27110f6e,0,0,13.007875,4.813834
top-k,2,9.288209,77.272458,86.560667,459.417,1000,a61753475f1626e300b9cc33a7511ffde14988bdce607d87a239d87c323d88d3,0,0,7.080417,2.207792
full-sort,2,9.149208,857.226334,866.375542,4096.951,5000000,a35a02cb1914ad7129114bf35866c36aabf04c456e6acc9e7f5b8a6148c546a7,0,0,6.789208,2.36
scan-filter-project,2,8.731958,58.440208,67.172166,267.37,50000,132d4842fe598c56c831f05d014103e84ee78a3427f57dda1af7cf25bbb17586,0,0,6.348125,2.383833
grouped-count-min-max,2,7.755334,105.07,112.825334,571.479,4096,44d72945f720a18307528d13c03c4d57646dc7f17bb149f99144104ae2967cdf,0,0,5.763375,1.991959
top-k,3,8.960792,55.511791,64.472583,235.335,1000,a61753475f1626e300b9cc33a7511ffde14988bdce607d87a239d87c323d88d3,0,0,6.59425,2.366542
full-sort,3,9.366917,777.654458,787.021375,3688.501,5000000,a35a02cb1914ad7129114bf35866c36aabf04c456e6acc9e7f5b8a6148c546a7,0,0,7.113,2.253917
scan-filter-project,3,9.753875,59.053791,68.807666,243.871,50000,132d4842fe598c56c831f05d014103e84ee78a3427f57dda1af7cf25bbb17586,0,0,6.86075,2.893125
grouped-count-min-max,3,8.860459,120.559625,129.420084,545.531,4096,44d72945f720a18307528d13c03c4d57646dc7f17bb149f99144104ae2967cdf,0,0,6.498709,2.36175
partitioned-join,3,14.695166,249.680042,264.375208,1105.117,50000,7253672c069452fe8863156958af7ba048aab03bee91d9d84d95680b27110f6e,0,0,9.496291,5.198875
full-sort,4,9.1785,860.241583,869.420083,3999.648,5000000,a35a02cb1914ad7129114bf35866c36aabf04c456e6acc9e7f5b8a6148c546a7,0,0,6.985916,2.192584
scan-filter-project,4,11.635667,79.717083,91.35275,314.426,50000,132d4842fe598c56c831f05d014103e84ee78a3427f57dda1af7cf25bbb17586,0,0,7.173375,4.462292
grouped-count-min-max,4,8.180125,114.583458,122.763583,577.514,4096,44d72945f720a18307528d13c03c4d57646dc7f17bb149f99144104ae2967cdf,0,0,6.033916,2.146209
partitioned-join,4,14.531375,249.903,264.434375,1047.215,50000,7253672c069452fe8863156958af7ba048aab03bee91d9d84d95680b27110f6e,0,0,10.442167,4.089208
top-k,4,8.875625,61.546708,70.422333,258.809,1000,a61753475f1626e300b9cc33a7511ffde14988bdce607d87a239d87c323d88d3,0,0,6.288667,2.586958
