elapsed_s,phase,rss_kib,native_temp_bytes,spark_temp_bytes
0.028193249999999975,startup,7024,0,0
0.14466275,startup,114400,0,0
0.265654291,startup,221472,0,0
0.384744458,startup,269024,0,0
0.49839379100000003,startup,289408,0,0
0.6183413329999999,startup,343840,0,0
0.739258291,startup,352896,0,0
0.851588125,startup,363408,0,0
0.974529583,startup,404864,0,0
1.097138666,startup,417872,0,0
1.2156590409999999,startup,428832,0,0
1.338363583,startup,448704,0,0
1.4503656249999999,startup,481936,0,0
1.57090075,startup,520256,0,0
1.685924333,startup,529360,0,0
1.80679825,startup,539744,0,0
1.9273305,startup,552304,0,0
2.049797625,startup,580304,0,0
2.168610583,startup,619008,0,0
2.286896291,startup,673392,0,0
2.397322458,startup,680608,0,0
2.516375541,startup,689616,0,0
2.637269708,startup,698560,0,0
2.751400541,startup,705936,0,0
2.87100275,startup,710160,0,0
2.986297791,startup,713744,0,0
3.105347625,startup,787808,0,0
3.220637625,startup,788624,0,0
3.336788166,startup,792368,0,0
3.454035166,startup,808608,0,0
3.568210416,startup,825024,0,0
3.689229916,startup,860608,0,0
3.802602166,startup,950000,0,0
3.919662125,startup,950000,0,0
4.039177583000001,startup,1131648,0,0
4.155535541000001,startup,1209936,0,0
4.277893625000001,startup,1238752,0,0
4.392922916,startup,1294432,0,0
4.5225814159999995,startup,1307296,0,0
4.635823208,startup,1302816,0,0
4.755694791,startup,1302816,0,0
4.877025583,startup,1302816,0,0
5.008185041000001,startup,1302816,0,0
