query,iteration,planning_ms,execution_ms,total_ms,cpu_ms,rows,sha256,local_nodes,comet_nodes,dataframe_ms,physical_planning_ms
top-k,-2,1893.774458,677.251875,2571.026333,4963.064,1000,6294ce5ea7d28dd38cc0dab6fe9bcf246c157844b3f3c60200a244285c0bbf9d,0,4,1429.658125,464.116333
full-sort,-2,80.189917,246.737125,326.927042,2283.503,500000,326c8cd5e65bd77bc8a7437243f02e2309b03dd41d24b312f3b1efa781b29523,0,5,57.930833,22.259084
scan-filter-project,-2,125.440792,61.395666,186.836458,1026.509,5000,1b9e8a9719d1f242d0dae228256e9359a0829c63cf2e20a17838a0d30a61ce81,0,4,97.805875,27.634917
grouped-count-min-max,-2,101.99,66.061792,168.051792,755.172,4096,e3aec3706612f7c455fa955ab67bbf03d662048d4259b4d35a4e02ec6ba018b0,0,5,56.5825,45.4075
partitioned-join,-2,194.289083,63.842125,258.131208,895.319,5000,4fd3e43ff9b1f55b66c475fb0812d7755c20f9714c8493a0a2461df54db90876,0,9,163.974708,30.314375
full-sort,-1,53.702709,133.499791,187.2025,920.742,500000,326c8cd5e65bd77bc8a7437243f02e2309b03dd41d24b312f3b1efa781b29523,0,5,46.383959,7.31875
scan-filter-project,-1,76.817541,21.349959,98.1675,534.093,5000,1b9e8a9719d1f242d0dae228256e9359a0829c63cf2e20a17838a0d30a61ce81,0,4,50.313458,26.504083
grouped-count-min-max,-1,67.635291,37.200792,104.836083,389.222,4096,e3aec3706612f7c455fa955ab67bbf03d662048d4259b4d35a4e02ec6ba018b0,0,5,59.769583,7.865708
partitioned-join,-1,118.3855,47.053292,165.438792,544.856,5000,4fd3e43ff9b1f55b66c475fb0812d7755c20f9714c8493a0a2461df54db90876,0,9,105.906959,12.478541
top-k,-1,83.7845,29.20375,112.98825,309.076,1000,6294ce5ea7d28dd38cc0dab6fe9bcf246c157844b3f3c60200a244285c0bbf9d,0,4,77.25375,6.53075
scan-filter-project,0,41.807833,17.620583,59.428416,170.851,5000,1b9e8a9719d1f242d0dae228256e9359a0829c63cf2e20a17838a0d30a61ce81,0,4,35.561958,6.245875
grouped-count-min-max,0,59.520666,37.105917,96.626583,315.783,4096,e3aec3706612f7c455fa955ab67bbf03d662048d4259b4d35a4e02ec6ba018b0,0,5,51.308,8.212666
partitioned-join,0,121.062708,43.26975,164.332458,463.327,5000,4fd3e43ff9b1f55b66c475fb0812d7755c20f9714c8493a0a2461df54db90876,0,9,111.154916,9.907792
top-k,0,47.671375,28.734458,76.405833,218.091,1000,6294ce5ea7d28dd38cc0dab6fe9bcf246c157844b3f3c60200a244285c0bbf9d,0,4,43.243875,4.4275
full-sort,0,79.719917,100.90275,180.622667,771.95,500000,326c8cd5e65bd77bc8a7437243f02e2309b03dd41d24b312f3b1efa781b29523,0,5,74.289625,5.430292
grouped-count-min-max,1,37.801708,62.541,100.342708,571.648,4096,e3aec3706612f7c455fa955ab67bbf03d662048d4259b4d35a4e02ec6ba018b0,0,5,31.747208,6.0545
partitioned-join,1,119.333042,39.509167,158.842209,476.424,5000,4fd3e43ff9b1f55b66c475fb0812d7755c20f9714c8493a0a2461df54db90876,0,9,109.918875,9.414167
top-k,1,38.9625,26.730083,65.692583,213.134,1000,6294ce5ea7d28dd38cc0dab6fe9bcf246c157844b3f3c60200a244285c0bbf9d,0,4,34.273708,4.688792
full-sort,1,52.294917,92.09575,144.390667,446.831,500000,326c8cd5e65bd77bc8a7437243f02e2309b03dd41d24b312f3b1efa781b29523,0,5,47.131417,5.1635
scan-filter-project,1,81.35075,16.991666,98.342416,178.981,5000,1b9e8a9719d1f242d0dae228256e9359a0829c63cf2e20a17838a0d30a61ce81,0,4,75.144125,6.206625
partitioned-join,2,155.259,36.323208,191.582208,648.168,5000,4fd3e43ff9b1f55b66c475fb0812d7755c20f9714c8493a0a2461df54db90876,0,9,147.805958,7.453042
top-k,2,35.0515,25.449959,60.501459,239.086,1000,6294ce5ea7d28dd38cc0dab6fe9bcf246c157844b3f3c60200a244285c0bbf9d,0,4,30.60025,4.45125
full-sort,2,60.919625,84.884083,145.803708,482.578,500000,326c8cd5e65bd77bc8a7437243f02e2309b03dd41d24b312f3b1efa781b29523,0,5,56.76675,4.152875
scan-filter-project,2,37.275958,16.878959,54.154917,127.051,5000,1b9e8a9719d1f242d0dae228256e9359a0829c63cf2e20a17838a0d30a61ce81,0,4,32.262167,5.013791
grouped-count-min-max,2,45.468833,28.017,73.485833,187.002,4096,e3aec3706612f7c455fa955ab67bbf03d662048d4259b4d35a4e02ec6ba018b0,0,5,41.160291,4.308542
top-k,3,54.159583,41.118375,95.277958,450.367,1000,6294ce5ea7d28dd38cc0dab6fe9bcf246c157844b3f3c60200a244285c0bbf9d,0,4,49.990792,4.168791
full-sort,3,73.1185,79.318542,152.437042,434.921,500000,326c8cd5e65bd77bc8a7437243f02e2309b03dd41d24b312f3b1efa781b29523,0,5,69.143917,3.974583
scan-filter-project,3,91.967208,15.818875,107.786083,170.865,5000,1b9e8a9719d1f242d0dae228256e9359a0829c63cf2e20a17838a0d30a61ce81,0,4,86.986833,4.980375
grouped-count-min-max,3,61.022541,27.169042,88.191583,214.491,4096,e3aec3706612f7c455fa955ab67bbf03d662048d4259b4d35a4e02ec6ba018b0,0,5,56.237416,4.785125
partitioned-join,3,125.860666,37.211709,163.072375,474.342,5000,4fd3e43ff9b1f55b66c475fb0812d7755c20f9714c8493a0a2461df54db90876,0,9,118.636958,7.223708
full-sort,4,48.424416,91.511792,139.936208,480.814,500000,326c8cd5e65bd77bc8a7437243f02e2309b03dd41d24b312f3b1efa781b29523,0,5,44.743625,3.680791
scan-filter-project,4,92.435375,18.570459,111.005834,542.606,5000,1b9e8a9719d1f242d0dae228256e9359a0829c63cf2e20a17838a0d30a61ce81,0,4,87.228875,5.2065
grouped-count-min-max,4,60.452,27.412833,87.864833,293.388,4096,e3aec3706612f7c455fa955ab67bbf03d662048d4259b4d35a4e02ec6ba018b0,0,5,56.183125,4.268875
partitioned-join,4,74.311958,39.711542,114.0235,321.6,5000,4fd3e43ff9b1f55b66c475fb0812d7755c20f9714c8493a0a2461df54db90876,0,9,68.137417,6.174541
top-k,4,68.736958,23.382708,92.119666,229.608,1000,6294ce5ea7d28dd38cc0dab6fe9bcf246c157844b3f3c60200a244285c0bbf9d,0,4,64.846291,3.890667
