query,iteration,planning_ms,execution_ms,total_ms,cpu_ms,rows,sha256,local_nodes,comet_nodes,dataframe_ms,physical_planning_ms
top-k,-2,1873.000292,477.117292,2350.117584,4050.248,1000,6294ce5ea7d28dd38cc0dab6fe9bcf246c157844b3f3c60200a244285c0bbf9d,1,1,1409.867209,463.133083
full-sort,-2,95.41975,129.861459,225.281209,749.651,500000,326c8cd5e65bd77bc8a7437243f02e2309b03dd41d24b312f3b1efa781b29523,1,1,76.812792,18.606958
scan-filter-project,-2,204.4385,55.392792,259.831292,844.792,5000,1b9e8a9719d1f242d0dae228256e9359a0829c63cf2e20a17838a0d30a61ce81,1,1,173.837458,30.601042
grouped-count-min-max,-2,113.612416,39.838125,153.450541,490.108,4096,e3aec3706612f7c455fa955ab67bbf03d662048d4259b4d35a4e02ec6ba018b0,1,1,65.239625,48.372791
partitioned-join,-2,168.649334,17.621625,186.270959,488.865,5000,4fd3e43ff9b1f55b66c475fb0812d7755c20f9714c8493a0a2461df54db90876,1,1,131.07175,37.577584
full-sort,-1,80.704167,70.918333,151.6225,651.128,500000,326c8cd5e65bd77bc8a7437243f02e2309b03dd41d24b312f3b1efa781b29523,1,1,73.34725,7.356917
scan-filter-project,-1,89.362584,18.513958,107.876542,226.837,5000,1b9e8a9719d1f242d0dae228256e9359a0829c63cf2e20a17838a0d30a61ce81,1,1,80.4045,8.958084
grouped-count-min-max,-1,50.9375,41.323792,92.261292,590.261,4096,e3aec3706612f7c455fa955ab67bbf03d662048d4259b4d35a4e02ec6ba018b0,1,1,45.476459,5.461041
partitioned-join,-1,85.417083,24.633667,110.05075,420.472,5000,4fd3e43ff9b1f55b66c475fb0812d7755c20f9714c8493a0a2461df54db90876,1,1,73.722583,11.6945
top-k,-1,46.012458,16.040583,62.053041,342.84,1000,6294ce5ea7d28dd38cc0dab6fe9bcf246c157844b3f3c60200a244285c0bbf9d,1,1,38.404375,7.608083
scan-filter-project,0,59.193833,18.605042,77.798875,302.417,5000,1b9e8a9719d1f242d0dae228256e9359a0829c63cf2e20a17838a0d30a61ce81,1,1,50.590792,8.603041
grouped-count-min-max,0,71.716625,20.714125,92.43075,220.772,4096,e3aec3706612f7c455fa955ab67bbf03d662048d4259b4d35a4e02ec6ba018b0,1,1,67.015625,4.701
partitioned-join,0,84.680917,14.1115,98.792417,235.392,5000,4fd3e43ff9b1f55b66c475fb0812d7755c20f9714c8493a0a2461df54db90876,1,1,74.578625,10.102292
top-k,0,57.344208,14.184875,71.529083,133.645,1000,6294ce5ea7d28dd38cc0dab6fe9bcf246c157844b3f3c60200a244285c0bbf9d,1,1,52.886792,4.457416
full-sort,0,67.769833,68.417833,136.187666,364.079,500000,326c8cd5e65bd77bc8a7437243f02e2309b03dd41d24b312f3b1efa781b29523,1,1,62.42925,5.340583
grouped-count-min-max,1,40.265333,18.7315,58.996833,113.697,4096,e3aec3706612f7c455fa955ab67bbf03d662048d4259b4d35a4e02ec6ba018b0,1,1,36.106583,4.15875
partitioned-join,1,101.515625,13.417625,114.93325,186.339,5000,4fd3e43ff9b1f55b66c475fb0812d7755c20f9714c8493a0a2461df54db90876,1,1,93.298291,8.217334
top-k,1,51.721792,13.766833,65.488625,132.328,1000,6294ce5ea7d28dd38cc0dab6fe9bcf246c157844b3f3c60200a244285c0bbf9d,1,1,47.243708,4.478084
full-sort,1,115.826042,75.862625,191.688667,474.008,500000,326c8cd5e65bd77bc8a7437243f02e2309b03dd41d24b312f3b1efa781b29523,1,1,111.126625,4.699417
scan-filter-project,1,49.278292,16.011917,65.290209,132.992,5000,1b9e8a9719d1f242d0dae228256e9359a0829c63cf2e20a17838a0d30a61ce81,1,1,43.521542,5.75675
partitioned-join,2,165.648083,14.488375,180.136458,379.525,5000,4fd3e43ff9b1f55b66c475fb0812d7755c20f9714c8493a0a2461df54db90876,1,1,157.859917,7.788166
top-k,2,41.864875,14.190917,56.055792,157.894,1000,6294ce5ea7d28dd38cc0dab6fe9bcf246c157844b3f3c60200a244285c0bbf9d,1,1,37.683542,4.181333
full-sort,2,35.250042,70.676166,105.926208,266.349,500000,326c8cd5e65bd77bc8a7437243f02e2309b03dd41d24b312f3b1efa781b29523,1,1,31.775958,3.474084
scan-filter-project,2,64.881666,15.609834,80.4915,150.625,5000,1b9e8a9719d1f242d0dae228256e9359a0829c63cf2e20a17838a0d30a61ce81,1,1,59.437375,5.444291
grouped-count-min-max,2,93.062334,19.884791,112.947125,485.195,4096,e3aec3706612f7c455fa955ab67bbf03d662048d4259b4d35a4e02ec6ba018b0,1,1,89.053,4.009334
top-k,3,59.237041,13.416,72.653041,153.364,1000,6294ce5ea7d28dd38cc0dab6fe9bcf246c157844b3f3c60200a244285c0bbf9d,1,1,54.54275,4.694291
full-sort,3,35.8125,62.57825,98.39075,253.698,500000,326c8cd5e65bd77bc8a7437243f02e2309b03dd41d24b312f3b1efa781b29523,1,1,31.658708,4.153792
scan-filter-project,3,50.554875,15.609666,66.164541,208.582,5000,1b9e8a9719d1f242d0dae228256e9359a0829c63cf2e20a17838a0d30a61ce81,1,1,42.85175,7.703125
grouped-count-min-max,3,120.7655,18.326542,139.092042,217.16,4096,e3aec3706612f7c455fa955ab67bbf03d662048d4259b4d35a4e02ec6ba018b0,1,1,116.595917,4.169583
partitioned-join,3,87.472458,13.162458,100.634916,212.256,5000,4fd3e43ff9b1f55b66c475fb0812d7755c20f9714c8493a0a2461df54db90876,1,1,79.742708,7.72975
full-sort,4,74.15725,59.872542,134.029792,274.056,500000,326c8cd5e65bd77bc8a7437243f02e2309b03dd41d24b312f3b1efa781b29523,1,1,70.710459,3.446791
scan-filter-project,4,78.137458,15.175083,93.312541,234.004,5000,1b9e8a9719d1f242d0dae228256e9359a0829c63cf2e20a17838a0d30a61ce81,1,1,72.917666,5.219792
grouped-count-min-max,4,83.377917,17.245833,100.62375,195.516,4096,e3aec3706612f7c455fa955ab67bbf03d662048d4259b4d35a4e02ec6ba018b0,1,1,79.383417,3.9945
partitioned-join,4,184.619875,12.946042,197.565917,325.419,5000,4fd3e43ff9b1f55b66c475fb0812d7755c20f9714c8493a0a2461df54db90876,1,1,178.759875,5.86
top-k,4,54.694083,13.02575,67.719833,167.932,1000,6294ce5ea7d28dd38cc0dab6fe9bcf246c157844b3f3c60200a244285c0bbf9d,1,1,51.004125,3.689958
