elapsed_s,phase,rss_kib,native_temp_bytes,spark_temp_bytes
0.020069458,startup,6736,0,0
0.135112583,startup,89872,0,0
0.242874333,startup,201296,0,0
0.354364,startup,254128,0,0
0.46596375,startup,268384,0,0
0.572634875,startup,278096,0,0
0.679216042,startup,279536,0,0
0.786182625,startup,279536,0,0
0.8964092920000001,startup,279536,0,0
1.002808625,startup,326768,0,0
1.112948208,startup,341248,0,0
1.2219411249999999,startup,347024,0,0
1.3282224999999999,startup,360912,0,0
1.439316458,startup,396352,0,0
1.5506428749999999,startup,404352,0,0
1.658471667,startup,413248,0,0
1.770326125,startup,427472,0,0
1.8773989169999998,"top-k,-2",463296,0,0
1.98672,"top-k,-2",496864,0,0
2.09827025,"top-k,-2",504848,0,0
2.204851958,"top-k,-2",513728,0,0
2.311066292,"top-k,-2",524080,0,0
2.4208547499999997,"top-k,-2",532560,0,0
2.5321888329999998,"top-k,-2",562032,0,0
2.638670958,"top-k,-2",582816,0,0
2.7503633329999997,"top-k,-2",595744,0,0
2.860799458,"top-k,-2",596368,0,0
2.9681668329999997,"top-k,-2",634144,0,0
3.0792223329999997,"top-k,-2",687824,0,0
3.1912702079999997,"top-k,-2",693952,0,0
3.2997298749999997,"top-k,-2",699664,0,0
3.409966,"top-k,-2",710944,0,0
3.519922875,"top-k,-2",716448,0,0
3.6287561669999997,"top-k,-2",723584,0,0
3.738533833,"top-k,-2",730800,0,0
3.850367792,"top-k,-2",738496,0,0
3.959270833,"top-k,-2",765616,0,0
4.066556833,"top-k,-2",766080,0,0
4.176991333,"top-k,-2",772336,0,0
4.289023042,"full-sort,-2",782400,0,0
4.4015583750000005,"full-sort,-2",931504,0,0
4.513560708,"scan-filter-project,-2",1073840,0,0
4.620952708,"scan-filter-project,-2",1073840,0,0
4.733984292000001,"scan-filter-project,-2",1085504,0,0
4.841223542000001,"grouped-count-min-max,-2",1092352,0,0
4.9490982500000005,"partitioned-join,-2",1110048,0,0
5.059951708000001,"partitioned-join,-2",1114928,0,0
5.171554542,"full-sort,-1",1175408,0,0
5.282173625,idle,1200160,0,0
5.395624875,"grouped-count-min-max,-1",1201760,0,0
5.504257583,"partitioned-join,-1",1292192,0,0
5.617045,"top-k,-1",1304864,0,0
5.73094525,"scan-filter-project,0",1322768,0,0
5.846718583,"partitioned-join,0",1328624,0,0
5.959707208,"top-k,0",1329664,0,0
6.069550625000001,"full-sort,0",1330368,0,0
6.183815583,idle,1343120,0,0
6.294790625,"partitioned-join,1",1347648,0,0
6.409152083,"top-k,1",1348512,0,0
6.519680458000001,"full-sort,1",1349488,0,0
6.631593208,idle,1363456,0,0
6.745064625,"partitioned-join,2",1364528,0,0
6.859045458000001,"partitioned-join,2",1365424,0,0
6.973632542000001,"top-k,2",1367936,0,0
7.086175833,idle,1389024,0,0
7.195768792,"scan-filter-project,2",1431840,0,0
7.311250458,"grouped-count-min-max,2",1433072,0,0
7.426780167,"full-sort,3",1437104,0,0
7.5419860000000005,idle,1449536,0,0
7.651702,"grouped-count-min-max,3",1475904,0,0
7.7668747080000005,"grouped-count-min-max,3",1389664,0,0
7.8774686670000005,"full-sort,4",1417840,0,0
7.988566500000001,"full-sort,4",1424752,0,0
8.104882458,"scan-filter-project,4",1426784,0,0
8.21996425,"grouped-count-min-max,4",1427440,0,0
8.329970417,"partitioned-join,4",1300608,0,0
8.439680542,"partitioned-join,4",1300640,0,0
8.5546095,retained,1302352,0,0
8.669074583,retained,1302384,0,0
8.780056167,retained,1302384,0,0
8.898348083,retained,1302384,0,0
9.017925792,retained,1302352,0,0
9.132739125,retained,1302352,0,0
9.251090042,retained,1302352,0,0
9.370078750000001,retained,1302352,0,0
9.492111750000001,retained,1302352,0,0
9.606485042000001,retained,1281088,0,0
9.714972750000001,retained,1280768,0,0
9.821215,retained,1280768,0,0
9.932542417,retained,1280768,0,0
10.042968708,retained,0,0,0
