query,iteration,planning_ms,execution_ms,total_ms,cpu_ms,rows,sha256,local_nodes,comet_nodes,dataframe_ms,physical_planning_ms
top-k,-2,1581.540834,709.150708,2290.691542,4576.326,1000,6294ce5ea7d28dd38cc0dab6fe9bcf246c157844b3f3c60200a244285c0bbf9d,0,0,1429.078,152.462834
full-sort,-2,116.058167,500.911583,616.96975,3691.07,500000,326c8cd5e65bd77bc8a7437243f02e2309b03dd41d24b312f3b1efa781b29523,0,0,96.196,19.862167
scan-filter-project,-2,90.799666,142.040042,232.839708,1137.642,5000,1b9e8a9719d1f242d0dae228256e9359a0829c63cf2e20a17838a0d30a61ce81,0,0,71.87075,18.928916
grouped-count-min-max,-2,83.812375,272.418542,356.230917,2008.467,4096,e3aec3706612f7c455fa955ab67bbf03d662048d4259b4d35a4e02ec6ba018b0,0,0,66.174917,17.637458
partitioned-join,-2,122.400958,176.579584,298.980542,1485.312,5000,4fd3e43ff9b1f55b66c475fb0812d7755c20f9714c8493a0a2461df54db90876,0,0,98.035458,24.3655
full-sort,-1,42.940958,182.276583,225.217541,1416.904,500000,326c8cd5e65bd77bc8a7437243f02e2309b03dd41d24b312f3b1efa781b29523,0,0,36.488541,6.452417
scan-filter-project,-1,52.947416,72.720167,125.667583,648.84,5000,1b9e8a9719d1f242d0dae228256e9359a0829c63cf2e20a17838a0d30a61ce81,0,0,47.776958,5.170458
grouped-count-min-max,-1,58.297042,86.872708,145.16975,749.289,4096,e3aec3706612f7c455fa955ab67bbf03d662048d4259b4d35a4e02ec6ba018b0,0,0,53.688958,4.608084
partitioned-join,-1,73.809417,101.03075,174.840167,747.674,5000,4fd3e43ff9b1f55b66c475fb0812d7755c20f9714c8493a0a2461df54db90876,0,0,66.00275,7.806667
top-k,-1,69.796291,43.370292,113.166583,363.128,1000,6294ce5ea7d28dd38cc0dab6fe9bcf246c157844b3f3c60200a244285c0bbf9d,0,0,65.874041,3.92225
scan-filter-project,0,35.661166,33.313792,68.974958,233.935,5000,1b9e8a9719d1f242d0dae228256e9359a0829c63cf2e20a17838a0d30a61ce81,0,0,32.217,3.444166
grouped-count-min-max,0,67.815333,54.92225,122.737583,378.667,4096,e3aec3706612f7c455fa955ab67bbf03d662048d4259b4d35a4e02ec6ba018b0,0,0,65.052875,2.762458
partitioned-join,0,74.719458,92.464792,167.18425,515.904,5000,4fd3e43ff9b1f55b66c475fb0812d7755c20f9714c8493a0a2461df54db90876,0,0,68.600875,6.118583
top-k,0,36.143708,34.852792,70.9965,256.88,1000,6294ce5ea7d28dd38cc0dab6fe9bcf246c157844b3f3c60200a244285c0bbf9d,0,0,33.435583,2.708125
full-sort,0,58.20675,123.799834,182.006584,749.809,500000,326c8cd5e65bd77bc8a7437243f02e2309b03dd41d24b312f3b1efa781b29523,0,0,54.756042,3.450708
grouped-count-min-max,1,34.084792,86.879333,120.964125,720.15,4096,e3aec3706612f7c455fa955ab67bbf03d662048d4259b4d35a4e02ec6ba018b0,0,0,31.829875,2.254917
partitioned-join,1,75.204125,88.259625,163.46375,568.958,5000,4fd3e43ff9b1f55b66c475fb0812d7755c20f9714c8493a0a2461df54db90876,0,0,69.132584,6.071541
top-k,1,33.269,33.719541,66.988541,215.804,1000,6294ce5ea7d28dd38cc0dab6fe9bcf246c157844b3f3c60200a244285c0bbf9d,0,0,30.781541,2.487459
full-sort,1,37.212542,114.190083,151.402625,573.952,500000,326c8cd5e65bd77bc8a7437243f02e2309b03dd41d24b312f3b1efa781b29523,0,0,33.993584,3.218958
scan-filter-project,1,34.783625,25.200833,59.984458,149.702,5000,1b9e8a9719d1f242d0dae228256e9359a0829c63cf2e20a17838a0d30a61ce81,0,0,32.096583,2.687042
partitioned-join,2,81.334541,100.5365,181.871041,835.743,5000,4fd3e43ff9b1f55b66c475fb0812d7755c20f9714c8493a0a2461df54db90876,0,0,76.693625,4.640916
top-k,2,32.407417,23.152208,55.559625,200.926,1000,6294ce5ea7d28dd38cc0dab6fe9bcf246c157844b3f3c60200a244285c0bbf9d,0,0,30.183042,2.224375
full-sort,2,42.645708,139.826208,182.471916,799.658,500000,326c8cd5e65bd77bc8a7437243f02e2309b03dd41d24b312f3b1efa781b29523,0,0,40.2595,2.386208
scan-filter-project,2,35.639292,54.550125,90.189417,436.766,5000,1b9e8a9719d1f242d0dae228256e9359a0829c63cf2e20a17838a0d30a61ce81,0,0,32.706084,2.933208
grouped-count-min-max,2,42.910875,65.702666,108.613541,578.497,4096,e3aec3706612f7c455fa955ab67bbf03d662048d4259b4d35a4e02ec6ba018b0,0,0,40.681875,2.229
top-k,3,32.679917,24.059125,56.739042,200.683,1000,6294ce5ea7d28dd38cc0dab6fe9bcf246c157844b3f3c60200a244285c0bbf9d,0,0,30.172417,2.5075
full-sort,3,36.988208,104.591542,141.57975,582.147,500000,326c8cd5e65bd77bc8a7437243f02e2309b03dd41d24b312f3b1efa781b29523,0,0,34.031625,2.956583
scan-filter-project,3,33.684916,22.475417,56.160333,171.944,5000,1b9e8a9719d1f242d0dae228256e9359a0829c63cf2e20a17838a0d30a61ce81,0,0,30.820541,2.864375
grouped-count-min-max,3,31.249709,42.516625,73.766334,201.605,4096,e3aec3706612f7c455fa955ab67bbf03d662048d4259b4d35a4e02ec6ba018b0,0,0,29.136542,2.113167
partitioned-join,3,63.46075,76.34225,139.803,494.734,5000,4fd3e43ff9b1f55b66c475fb0812d7755c20f9714c8493a0a2461df54db90876,0,0,58.857,4.60375
full-sort,4,30.9605,108.34875,139.30925,460.316,500000,326c8cd5e65bd77bc8a7437243f02e2309b03dd41d24b312f3b1efa781b29523,0,0,28.998791,1.961709
scan-filter-project,4,35.822875,35.276083,71.098958,298.933,5000,1b9e8a9719d1f242d0dae228256e9359a0829c63cf2e20a17838a0d30a61ce81,0,0,33.249166,2.573709
grouped-count-min-max,4,37.256417,49.119791,86.376208,373.652,4096,e3aec3706612f7c455fa955ab67bbf03d662048d4259b4d35a4e02ec6ba018b0,0,0,34.532792,2.723625
partitioned-join,4,65.579125,72.886708,138.465833,423.278,5000,4fd3e43ff9b1f55b66c475fb0812d7755c20f9714c8493a0a2461df54db90876,0,0,60.902292,4.676833
top-k,4,41.357083,24.878958,66.236041,190.18,1000,6294ce5ea7d28dd38cc0dab6fe9bcf246c157844b3f3c60200a244285c0bbf9d,0,0,39.404666,1.952417
