query,iteration,planning_ms,execution_ms,total_ms,cpu_ms,rows,sha256,local_nodes,comet_nodes,dataframe_ms,physical_planning_ms
top-k,-2,1305.740625,1013.647958,2319.388583,4909.754,1000,a61753475f1626e300b9cc33a7511ffde14988bdce607d87a239d87c323d88d3,0,4,726.115,579.625625
full-sort,-2,38.545542,782.740333,821.285875,5284.505,5000000,a35a02cb1914ad7129114bf35866c36aabf04c456e6acc9e7f5b8a6148c546a7,0,5,15.781708,22.763834
scan-filter-project,-2,53.226875,104.839,158.065875,972.172,50000,132d4842fe598c56c831f05d014103e84ee78a3427f57dda1af7cf25bbb17586,0,4,24.388875,28.838
grouped-count-min-max,-2,77.4775,95.887167,173.364667,637.665,4096,44d72945f720a18307528d13c03c4d57646dc7f17bb149f99144104ae2967cdf,0,5,22.564333,54.913167
partitioned-join,-2,49.725209,108.495,158.220209,957.614,50000,7253672c069452fe8863156958af7ba048aab03bee91d9d84d95680b27110f6e,0,9,21.975375,27.749834
full-sort,-1,16.104667,700.425125,716.529792,3817.318,5000000,a35a02cb1914ad7129114bf35866c36aabf04c456e6acc9e7f5b8a6148c546a7,0,5,9.69175,6.412917
scan-filter-project,-1,17.802542,54.35475,72.157292,366.222,50000,132d4842fe598c56c831f05d014103e84ee78a3427f57dda1af7cf25bbb17586,0,4,10.698625,7.103917
grouped-count-min-max,-1,12.414875,66.536416,78.951291,363.216,4096,44d72945f720a18307528d13c03c4d57646dc7f17bb149f99144104ae2967cdf,0,5,6.523625,5.89125
partitioned-join,-1,21.7515,93.662,115.4135,661.099,50000,7253672c069452fe8863156958af7ba048aab03bee91d9d84d95680b27110f6e,0,9,11.173542,10.577958
top-k,-1,13.620041,42.126292,55.746333,351.354,1000,a61753475f1626e300b9cc33a7511ffde14988bdce607d87a239d87c323d88d3,0,4,8.264208,5.355833
scan-filter-project,0,13.593333,50.216042,63.809375,289.559,50000,132d4842fe598c56c831f05d014103e84ee78a3427f57dda1af7cf25bbb17586,0,4,7.925333,5.668
grouped-count-min-max,0,12.070541,64.985375,77.055916,413.573,4096,44d72945f720a18307528d13c03c4d57646dc7f17bb149f99144104ae2967cdf,0,5,6.723208,5.347333
partitioned-join,0,19.516709,96.429416,115.946125,535.615,50000,7253672c069452fe8863156958af7ba048aab03bee91d9d84d95680b27110f6e,0,9,10.479875,9.036834
top-k,0,11.561042,37.590958,49.152,259.093,1000,a61753475f1626e300b9cc33a7511ffde14988bdce607d87a239d87c323d88d3,0,4,7.302084,4.258958
full-sort,0,10.699709,626.742333,637.442042,3355.285,5000000,a35a02cb1914ad7129114bf35866c36aabf04c456e6acc9e7f5b8a6148c546a7,0,5,6.143875,4.555834
grouped-count-min-max,1,11.177791,62.03325,73.211041,481.453,4096,44d72945f720a18307528d13c03c4d57646dc7f17bb149f99144104ae2967cdf,0,5,6.047416,5.130375
partitioned-join,1,17.956958,83.705125,101.662083,450.361,50000,7253672c069452fe8863156958af7ba048aab03bee91d9d84d95680b27110f6e,0,9,10.654041,7.302917
top-k,1,10.18475,40.224167,50.408917,306.668,1000,a61753475f1626e300b9cc33a7511ffde14988bdce607d87a239d87c323d88d3,0,4,6.307459,3.877291
full-sort,1,10.210583,600.276042,610.486625,3078.267,5000000,a35a02cb1914ad7129114bf35866c36aabf04c456e6acc9e7f5b8a6148c546a7,0,5,5.612542,4.598041
scan-filter-project,1,12.051875,48.508417,60.560292,204.732,50000,132d4842fe598c56c831f05d014103e84ee78a3427f57dda1af7cf25bbb17586,0,4,6.568,5.483875
partitioned-join,2,18.000416,88.071959,106.072375,580.331,50000,7253672c069452fe8863156958af7ba048aab03bee91d9d84d95680b27110f6e,0,9,11.147916,6.8525
top-k,2,9.968167,35.160916,45.129083,239.479,1000,a61753475f1626e300b9cc33a7511ffde14988bdce607d87a239d87c323d88d3,0,4,6.215792,3.752375
full-sort,2,9.801959,598.220416,608.022375,3009.819,5000000,a35a02cb1914ad7129114bf35866c36aabf04c456e6acc9e7f5b8a6148c546a7,0,5,6.093667,3.708292
scan-filter-project,2,12.047458,47.977334,60.024792,390.516,50000,132d4842fe598c56c831f05d014103e84ee78a3427f57dda1af7cf25bbb17586,0,4,7.3195,4.727958
grouped-count-min-max,2,12.539708,60.195125,72.734833,481.409,4096,44d72945f720a18307528d13c03c4d57646dc7f17bb149f99144104ae2967cdf,0,5,5.70125,6.838458
