elapsed_s,phase,rss_kib,native_temp_bytes,spark_temp_bytes
0.034631667000000005,startup,7024,0,0
0.143967667,startup,100976,0,0
0.26547699999999996,startup,229056,0,0
0.383412667,startup,260816,0,0
0.5046389170000001,startup,282928,0,0
0.6264246250000001,startup,337360,0,0
0.7476455000000001,startup,346240,0,0
0.86023525,startup,353264,0,0
0.973133084,startup,402096,0,0
1.094497834,startup,420880,0,0
1.2052821249999999,startup,431504,0,0
1.322876834,startup,442848,0,0
1.442264667,"top-k,-2",477808,0,0
1.5652336249999999,"top-k,-2",510848,0,0
1.685930542,"top-k,-2",520048,0,0
1.807275875,"top-k,-2",530128,0,0
1.924049459,"top-k,-2",539072,0,0
2.042162167,"top-k,-2",559536,0,0
2.158686917,"top-k,-2",598112,0,0
2.278598667,"top-k,-2",628208,0,0
2.392308834,"top-k,-2",651296,0,0
2.50553975,"top-k,-2",658256,0,0
2.626773084,"top-k,-2",665152,0,0
2.75133625,"top-k,-2",673184,0,0
2.875318209,"top-k,-2",680560,0,0
2.995639084,"top-k,-2",688240,0,0
3.120153959,"top-k,-2",690880,0,0
3.242828209,"top-k,-2",700944,0,0
3.3584287919999998,"top-k,-2",716560,0,0
3.4788354999999997,"top-k,-2",719328,0,0
3.58768175,"top-k,-2",747872,0,30548
3.707758417,"full-sort,-2",786928,0,30548
3.831592542,"full-sort,-2",911552,0,30548
3.948521042,"full-sort,-2",1081168,0,0
4.0751641670000005,"full-sort,-2",1242944,0,40837924
4.191122792000001,"full-sort,-2",1339504,0,40837924
4.307492334,"full-sort,-2",1415216,0,40837924
4.4364574590000005,"full-sort,-2",1665408,0,40837924
4.559205167,idle,1958448,0,40837924
4.687916125,idle,2149152,0,40837924
4.808003125,idle,2167392,0,40837924
4.925157125,idle,2167392,0,40837924
5.048933334,"scan-filter-project,-2",2167632,0,40837924
5.173570167,"scan-filter-project,-2",2180176,0,0
5.299467334,"grouped-count-min-max,-2",1646128,0,0
5.425779584000001,"partitioned-join,-2",1346976,0,226935
5.553017709000001,"full-sort,-1",1379248,0,20962673
5.676465834,"full-sort,-1",1386672,0,0
5.798508709,"full-sort,-1",1387312,0,40838940
5.928602584,"full-sort,-1",1393808,0,40838940
6.056594209,"full-sort,-1",1488976,0,40838940
6.191801584,"full-sort,-1",1845232,0,40838940
6.308110834000001,idle,2154800,0,40838940
6.428612500000001,idle,2385888,0,40838940
6.553369709,idle,2473968,0,40838940
6.680573375000001,idle,2512992,0,40838940
6.809347334,"scan-filter-project,-1",2547136,0,40838940
6.933621917,"grouped-count-min-max,-1",2420256,0,226935
7.049449667,"partitioned-join,-1",1578048,0,20962673
7.177707292,"scan-filter-project,0",1462704,0,20889016
7.306955167,"partitioned-join,0",1471616,0,643995
7.4289752920000005,"top-k,0",1396544,0,20962673
7.561071792000001,"full-sort,0",1410592,0,0
7.678966042000001,"full-sort,0",1429680,0,40840255
7.810691417,"full-sort,0",1470864,0,40840255
7.941812625000001,"full-sort,0",1718144,0,40840255
8.061876125,"full-sort,0",2125056,0,40840255
8.191622,idle,2477152,0,40840255
8.31497575,idle,2595424,0,40840255
8.434422084,idle,2614048,0,40840255
8.556955875,idle,2634528,0,40840255
8.679857917,"partitioned-join,1",2646576,0,41067190
8.810694417,"top-k,1",2658016,0,40840255
8.940462584,"full-sort,1",2660816,0,2743253
9.069621209000001,"full-sort,1",2125728,0,40838654
9.20034,"full-sort,1",1525856,0,40838654
9.330424667,"full-sort,1",1667152,0,40838654
9.461595292,idle,2195616,0,40838654
9.594230417,idle,2583248,0,40838654
9.713381875,idle,2640208,0,40838654
9.842270209,idle,2654720,0,40838654
9.963656917,"scan-filter-project,1",2654784,0,40838654
10.0881065,"partitioned-join,2",2658768,0,10162194
10.209832417000001,"full-sort,2",2403824,0,20766286
10.326547709,"full-sort,2",1516432,0,36869774
10.45652225,"full-sort,2",1518272,0,40837927
10.583604209,"full-sort,2",1577728,0,40837927
10.716050042,"full-sort,2",1802432,0,40837927
10.840374167,idle,2309264,0,40837927
10.963988792,idle,2534816,0,40837927
11.096293667000001,idle,2627120,0,40837927
11.22804225,idle,2627120,0,40837927
11.350162292,"scan-filter-project,2",2627744,0,40837927
11.475027209,retained,2628656,0,41064862
11.592619167,retained,2643104,0,41064862
11.721409667,retained,2643104,0,41064862
11.866482167000001,retained,2643104,0,41064862
11.999658667,retained,2643360,0,41064862
12.133505292,retained,2643360,0,41064862
12.269897417000001,retained,2643360,0,41064862
12.407502959,retained,2643360,0,41064862
12.537482209,retained,2622096,0,0
12.655341917000001,retained,2621808,0,0
12.780985459,retained,2621808,0,0
12.908986834,retained,2621808,0,0
13.027649792,retained,2621808,0,0
