query,iteration,planning_ms,execution_ms,total_ms,cpu_ms,rows,sha256,local_nodes,comet_nodes,dataframe_ms,physical_planning_ms
top-k,-2,1175.428166,767.449667,1942.877833,3380.404,1000,a61753475f1626e300b9cc33a7511ffde14988bdce607d87a239d87c323d88d3,1,1,709.328916,466.09925
full-sort,-2,29.587875,895.026042,924.613917,3253.85,5000000,a35a02cb1914ad7129114bf35866c36aabf04c456e6acc9e7f5b8a6148c546a7,1,1,13.056083,16.531792
scan-filter-project,-2,49.40625,110.834542,160.240792,506.012,50000,132d4842fe598c56c831f05d014103e84ee78a3427f57dda1af7cf25bbb17586,1,1,24.844709,24.561541
grouped-count-min-max,-2,79.31725,91.755584,171.072834,552.082,4096,44d72945f720a18307528d13c03c4d57646dc7f17bb149f99144104ae2967cdf,1,1,22.264959,57.052291
partitioned-join,-2,53.106042,51.116916,104.222958,364.415,50000,7253672c069452fe8863156958af7ba048aab03bee91d9d84d95680b27110f6e,1,1,22.415583,30.690459
full-sort,-1,14.795208,730.672834,745.468042,2411.739,5000000,a35a02cb1914ad7129114bf35866c36aabf04c456e6acc9e7f5b8a6148c546a7,1,1,9.184167,5.611041
scan-filter-project,-1,17.664,55.891917,73.555917,271.471,50000,132d4842fe598c56c831f05d014103e84ee78a3427f57dda1af7cf25bbb17586,1,1,10.977042,6.686958
grouped-count-min-max,-1,12.937959,72.220166,85.158125,348.739,4096,44d72945f720a18307528d13c03c4d57646dc7f17bb149f99144104ae2967cdf,1,1,7.486959,5.451
partitioned-join,-1,21.2475,39.594459,60.841959,204.857,50000,7253672c069452fe8863156958af7ba048aab03bee91d9d84d95680b27110f6e,1,1,11.484334,9.763166
top-k,-1,13.203875,38.186334,51.390209,162.132,1000,a61753475f1626e300b9cc33a7511ffde14988bdce607d87a239d87c323d88d3,1,1,7.726125,5.47775
scan-filter-project,0,13.927458,52.735708,66.663166,265.489,50000,132d4842fe598c56c831f05d014103e84ee78a3427f57dda1af7cf25bbb17586,1,1,7.306375,6.621083
grouped-count-min-max,0,12.766542,73.396,86.162542,322.172,4096,44d72945f720a18307528d13c03c4d57646dc7f17bb149f99144104ae2967cdf,1,1,7.080708,5.685834
partitioned-join,0,19.702416,39.441292,59.143708,190.325,50000,7253672c069452fe8863156958af7ba048aab03bee91d9d84d95680b27110f6e,1,1,10.813375,8.889041
top-k,0,11.145791,33.814625,44.960416,136.299,1000,a61753475f1626e300b9cc33a7511ffde14988bdce607d87a239d87c323d88d3,1,1,6.942916,4.202875
full-sort,0,11.38175,703.265958,714.647708,2208.239,5000000,a35a02cb1914ad7129114bf35866c36aabf04c456e6acc9e7f5b8a6148c546a7,1,1,6.592167,4.789583
grouped-count-min-max,1,11.317,78.530542,89.847542,380.387,4096,44d72945f720a18307528d13c03c4d57646dc7f17bb149f99144104ae2967cdf,1,1,6.452042,4.864958
partitioned-join,1,19.227708,42.140625,61.368333,206.984,50000,7253672c069452fe8863156958af7ba048aab03bee91d9d84d95680b27110f6e,1,1,10.479041,8.748667
top-k,1,11.837875,35.7315,47.569375,156.203,1000,a61753475f1626e300b9cc33a7511ffde14988bdce607d87a239d87c323d88d3,1,1,6.756208,5.081667
full-sort,1,10.682584,707.084083,717.766667,2314.124,5000000,a35a02cb1914ad7129114bf35866c36aabf04c456e6acc9e7f5b8a6148c546a7,1,1,6.704084,3.9785
scan-filter-project,1,12.39775,51.635916,64.033666,250.607,50000,132d4842fe598c56c831f05d014103e84ee78a3427f57dda1af7cf25bbb17586,1,1,6.846791,5.550959
partitioned-join,2,18.006917,43.451083,61.458,233.758,50000,7253672c069452fe8863156958af7ba048aab03bee91d9d84d95680b27110f6e,1,1,9.918792,8.088125
top-k,2,10.732458,38.062042,48.7945,214.53,1000,a61753475f1626e300b9cc33a7511ffde14988bdce607d87a239d87c323d88d3,1,1,6.450208,4.28225
full-sort,2,9.659208,707.662125,717.321333,2391.625,5000000,a35a02cb1914ad7129114bf35866c36aabf04c456e6acc9e7f5b8a6148c546a7,1,1,6.376208,3.283
scan-filter-project,2,11.33625,58.206833,69.543083,257.041,50000,132d4842fe598c56c831f05d014103e84ee78a3427f57dda1af7cf25bbb17586,1,1,6.777167,4.559083
grouped-count-min-max,2,10.1075,72.865459,82.972959,341.064,4096,44d72945f720a18307528d13c03c4d57646dc7f17bb149f99144104ae2967cdf,1,1,6.50725,3.60025
