elapsed_s,phase,rss_kib,native_temp_bytes,spark_temp_bytes
0.03514979200000001,startup,7024,0,0
0.151765459,startup,110880,0,0
0.2724895,startup,227904,0,0
0.389564167,startup,256544,0,0
0.509246042,startup,280576,0,0
0.6340838339999999,startup,333952,0,0
0.755947667,startup,342352,0,0
0.8780124170000001,startup,358016,0,0
0.998946417,startup,396064,0,0
1.11830625,startup,404592,0,0
1.2359098750000002,startup,415856,0,0
1.358044875,"top-k,-2",447248,0,0
1.471373292,"top-k,-2",492000,0,0
1.590299167,"top-k,-2",501552,0,0
1.707038667,"top-k,-2",512816,0,0
1.8211211250000001,"top-k,-2",524864,0,0
1.938837125,"top-k,-2",546640,0,0
2.062863417,"top-k,-2",583232,0,0
2.185489625,"top-k,-2",619984,0,0
2.304171042,"top-k,-2",661808,0,0
2.422885625,"top-k,-2",669760,0,0
2.540407125,"top-k,-2",679040,0,0
2.664470709,"top-k,-2",687488,0,0
2.7750552920000002,"top-k,-2",693328,0,0
2.8896149170000003,"top-k,-2",693616,0,0
3.0077637090000002,"top-k,-2",724064,0,0
3.129993042,"top-k,-2",730800,0,0
3.2536512920000003,"top-k,-2",732128,0,0
3.372531584,"full-sort,-2",910096,0,0
3.490521125,"full-sort,-2",965680,0,0
3.616284167,"full-sort,-2",998112,0,0
3.73952,"full-sort,-2",1090496,0,0
3.8546934170000005,"full-sort,-2",1212624,0,0
3.976977,"full-sort,-2",1358928,0,0
4.101233334,"full-sort,-2",1652624,0,0
4.22068075,idle,1985744,0,0
4.3368970419999995,idle,2253040,0,0
4.458775875,idle,2467760,0,0
4.575958999999999,idle,2468928,0,0
4.7007390419999995,idle,2479232,0,0
4.824457709,"scan-filter-project,-2",2479376,0,0
4.945156249999999,"scan-filter-project,-2",2500640,0,0
5.058373083999999,"grouped-count-min-max,-2",2505248,0,0
5.181107125,"partitioned-join,-2",2517616,0,0
5.3076838749999995,"full-sort,-1",2560672,0,0
5.4310051669999995,"full-sort,-1",1920912,0,0
5.556195459,"full-sort,-1",1572800,0,0
5.681766375,"full-sort,-1",1572944,0,0
5.800286834,"full-sort,-1",1575440,0,0
5.920846042,"full-sort,-1",1835648,0,0
6.042031417,idle,2334240,0,0
6.161271834,idle,2616576,0,0
6.278550125,idle,2617648,0,0
6.4001962919999995,idle,2617680,0,0
6.524175166999999,idle,2631936,0,0
6.651210375,"grouped-count-min-max,-1",2634288,0,0
6.768725334,"partitioned-join,-1",2638496,0,0
6.891946792,"scan-filter-project,0",2645280,0,0
7.007923375,"partitioned-join,0",2660816,0,0
7.130985,"full-sort,0",2717104,0,0
7.251254834,"full-sort,0",2804160,0,0
7.375962334,"full-sort,0",2804416,0,0
7.498482084,"full-sort,0",2804544,0,0
7.617528333999999,"full-sort,0",2542336,0,0
7.74230475,"full-sort,0",2252352,0,0
7.860412209,idle,2490160,0,0
7.976908,idle,2708960,0,0
8.092214583999999,idle,2815632,0,0
8.217572459,idle,2815632,0,0
8.334116209,idle,2815632,0,0
8.451663084,"grouped-count-min-max,1",2821376,0,0
8.578534792,"full-sort,1",2405280,0,0
8.697324458999999,"full-sort,1",1818816,0,0
8.816993084,"full-sort,1",1818816,0,0
8.942124834,"full-sort,1",1818816,0,0
9.066635459,"full-sort,1",1825296,0,0
9.195527,"full-sort,1",1944288,0,0
9.3162845,idle,2389280,0,0
9.442115292,idle,2623632,0,0
9.571604708999999,idle,2736048,0,0
9.696207584,idle,2736048,0,0
9.822309584,idle,2749888,0,0
9.943806459,"partitioned-join,2",2751696,0,0
10.062240209,"full-sort,2",2787056,0,0
10.192921,"full-sort,2",2100992,0,0
10.318131709,"full-sort,2",1804416,0,0
10.443960417,"full-sort,2",1806512,0,0
10.569435834,"full-sort,2",1899472,0,0
10.689035209,"full-sort,2",2208800,0,0
10.813757584,idle,2613728,0,0
10.942193999999999,idle,2797168,0,0
11.068608916999999,idle,2859648,0,0
11.197253834,idle,2873776,0,0
11.321143833999999,"scan-filter-project,2",2874064,0,0
11.446830709,"grouped-count-min-max,2",2876304,0,0
11.562000916999999,retained,2876496,0,0
11.695596416999999,retained,2876496,0,0
11.834779375,retained,2876496,0,0
11.968648334,retained,2876496,0,0
12.103948542,retained,2876496,0,0
12.242145417,retained,2876496,0,0
12.371960417,retained,2876496,0,0
12.506245709,retained,2876784,0,0
12.62574525,retained,2861968,0,0
12.741972209,retained,2861616,0,0
12.861467084,retained,2861616,0,0
12.981132459,retained,2861616,0,0
13.105558499999999,retained,0,0,0
