elapsed_s,phase,rss_kib,native_temp_bytes,spark_temp_bytes
0.026456584000000005,startup,7024,0,0
0.143078917,startup,116352,0,0
0.25737170899999995,startup,232496,0,0
0.36794833400000004,startup,261360,0,0
0.48822354200000007,startup,290960,0,0
0.609081834,startup,343744,0,0
0.727467875,startup,351376,0,0
0.8491503340000001,startup,360992,0,0
0.967032834,startup,414688,0,0
1.087032459,startup,426272,0,0
1.206455334,startup,436944,0,0
1.3208037499999998,startup,453008,0,0
1.434186375,"top-k,-2",506400,0,0
1.559137792,"top-k,-2",515568,0,0
1.6810307919999998,"top-k,-2",525552,0,0
1.79983075,"top-k,-2",535600,0,0
1.9239592089999997,"top-k,-2",548528,0,0
2.05030625,"top-k,-2",586672,0,0
2.162038625,"top-k,-2",620896,0,0
2.2838365,"top-k,-2",669008,0,0
2.408630125,"top-k,-2",673952,0,0
2.523152417,"top-k,-2",678944,0,0
2.6335646670000004,"top-k,-2",678944,0,0
2.755236542,"top-k,-2",688368,0,0
2.869260792,"top-k,-2",706432,0,0
2.9862152500000003,"top-k,-2",717344,0,0
3.099318459,"top-k,-2",737232,0,0
3.216656542,"top-k,-2",739744,0,0
3.337334667,"top-k,-2",740144,0,0
3.460687709,"top-k,-2",863712,0,0
3.5756292920000003,"full-sort,-2",871504,0,0
3.698859792,"full-sort,-2",877584,0,0
3.817720625,"full-sort,-2",884448,0,21669487
3.9310819169999998,"full-sort,-2",960352,0,45471067
4.0572571669999995,"full-sort,-2",1051056,0,45471067
4.174829,"full-sort,-2",1069648,0,45471067
4.302792084,"full-sort,-2",1087360,0,45471067
4.4245192499999995,"full-sort,-2",1128304,0,45471067
4.5571621669999995,"full-sort,-2",1279856,0,45471067
4.679153041999999,"full-sort,-2",1655232,0,45471067
4.806997334,idle,2158384,0,45471067
4.933202292,idle,2444848,0,45471067
5.055312499999999,idle,2464096,0,45471067
5.179852041999999,idle,2464128,0,45471067
5.306845167,"scan-filter-project,-2",2468816,0,45471067
5.436342084,"scan-filter-project,-2",2346336,0,0
5.557041125,"grouped-count-min-max,-2",1478352,0,0
5.683282917,"grouped-count-min-max,-2",1381280,0,0
5.809463084,"grouped-count-min-max,-2",1243456,0,0
5.934431,"partitioned-join,-2",1246896,0,229201
6.059288083999999,"partitioned-join,-2",1250752,0,10586666
6.17377825,"partitioned-join,-2",1400320,0,25594729
6.3038525,"full-sort,-1",1398048,0,25594729
6.4339657919999995,"full-sort,-1",1415392,0,0
6.555274459,"full-sort,-1",1416832,0,39505956
6.685543,"full-sort,-1",1511024,0,45469742
6.816021917,"full-sort,-1",1556048,0,45469742
6.940101125,"full-sort,-1",1562512,0,45469742
7.072992834,"full-sort,-1",1816384,0,45469742
7.204928208999999,"full-sort,-1",2218032,0,45469742
7.329392917,idle,2462064,0,45469742
7.4595745419999995,idle,2640704,0,45469742
7.589685917,idle,2640704,0,45469742
7.7211807089999995,idle,2640768,0,45469742
7.847101041999999,"grouped-count-min-max,-1",2648320,0,0
7.972839084,"grouped-count-min-max,-1",1945872,0,0
8.101188334,"partitioned-join,-1",1440592,0,5312374
8.217973792,"partitioned-join,-1",1444784,0,25594729
8.343995333999999,"top-k,-1",1498160,0,25594729
8.463402499999999,"scan-filter-project,0",1500624,0,0
8.587558709,"grouped-count-min-max,0",1429472,0,236597
8.719006375,"partitioned-join,0",1502656,0,13797539
8.840402917,"partitioned-join,0",1500688,0,25594729
8.961268334,"full-sort,0",1502496,0,0
9.085846834,"full-sort,0",1540560,0,14799072
9.202348834,"full-sort,0",1569344,0,45472747
9.327652583999999,"full-sort,0",1601984,0,45472747
9.453729875,"full-sort,0",1617488,0,45472747
9.575690542,"full-sort,0",1795456,0,45472747
9.70768375,idle,2290928,0,45472747
9.829295667,idle,2615440,0,45472747
9.958140834,idle,2816384,0,45472747
10.077671709,idle,2816384,0,45472747
10.20670625,idle,2816384,0,45472747
10.32516,"grouped-count-min-max,1",2864176,0,105590
10.448137334,"partitioned-join,1",2590048,0,16069733
10.575021334,idle,2411280,0,25594729
10.69658275,"full-sort,1",1604192,0,0
10.827650209,"full-sort,1",1611472,0,28281128
10.953688167,"full-sort,1",1615104,0,45470437
11.076018249999999,"full-sort,1",1628048,0,45470437
11.19505775,"full-sort,1",1628976,0,45470437
11.3262685,"full-sort,1",1830656,0,45470437
11.449273917,idle,2268512,0,45470437
11.577026875,idle,2595360,0,45470437
11.706423124999999,idle,2706480,0,45470437
11.831703709,idle,2754320,0,45470437
11.958323959,"scan-filter-project,1",2754528,0,45470437
12.075222,"partitioned-join,2",2760960,0,455525
12.192218792,"partitioned-join,2",2245328,0,25594729
12.325063375,"top-k,2",1680640,0,25594729
12.446412084,"full-sort,2",1682192,0,3686193
12.57109325,"full-sort,2",1725520,0,45467024
12.697657709,"full-sort,2",1728432,0,45467024
12.82779075,"full-sort,2",1737664,0,45467024
12.956778959,"full-sort,2",1829088,0,45467024
13.092789417,"full-sort,2",2073920,0,45467024
13.213691209,idle,2365040,0,45467024
13.345099874999999,idle,2699680,0,45467024
13.474323292,idle,2903328,0,45467024
13.596324375,idle,2929392,0,45467024
13.7222935,idle,2950608,0,45467024
13.853027125,"grouped-count-min-max,2",2962544,0,0
13.977275292,retained,2247968,0,229201
14.095502084,retained,1610880,0,229201
14.232717041999999,retained,1610880,0,229201
14.367093084,retained,1610880,0,229201
14.500339334,retained,1610880,0,229201
14.636063292,retained,1610880,0,229201
14.775680834,retained,1610880,0,229201
14.912645709,retained,1610880,0,229201
15.034528917,retained,1598432,0,0
