query,iteration,planning_ms,execution_ms,total_ms,cpu_ms,rows,sha256,local_nodes,comet_nodes,dataframe_ms,physical_planning_ms
top-k,-2,875.846709,1260.181208,2136.027917,4857.056,1000,a61753475f1626e300b9cc33a7511ffde14988bdce607d87a239d87c323d88d3,0,0,722.867417,152.979292
full-sort,-2,26.654875,1233.791333,1260.446208,8041.513,5000000,a35a02cb1914ad7129114bf35866c36aabf04c456e6acc9e7f5b8a6148c546a7,0,0,12.48625,14.168625
scan-filter-project,-2,36.814125,211.147458,247.961583,1286.008,50000,132d4842fe598c56c831f05d014103e84ee78a3427f57dda1af7cf25bbb17586,0,0,22.706583,14.107542
grouped-count-min-max,-2,35.9745,330.6395,366.614,2497.751,4096,44d72945f720a18307528d13c03c4d57646dc7f17bb149f99144104ae2967cdf,0,0,20.330458,15.644042
partitioned-join,-2,44.918875,345.709458,390.628333,2099.96,50000,7253672c069452fe8863156958af7ba048aab03bee91d9d84d95680b27110f6e,0,0,22.023,22.895875
full-sort,-1,12.279792,904.403375,916.683167,4701.55,5000000,a35a02cb1914ad7129114bf35866c36aabf04c456e6acc9e7f5b8a6148c546a7,0,0,8.730458,3.549334
scan-filter-project,-1,15.131833,85.390417,100.52225,505.922,50000,132d4842fe598c56c831f05d014103e84ee78a3427f57dda1af7cf25bbb17586,0,0,8.631791,6.500042
grouped-count-min-max,-1,10.176417,153.019,163.195417,917.932,4096,44d72945f720a18307528d13c03c4d57646dc7f17bb149f99144104ae2967cdf,0,0,7.291625,2.884792
partitioned-join,-1,16.842125,246.164125,263.00625,1247.338,50000,7253672c069452fe8863156958af7ba048aab03bee91d9d84d95680b27110f6e,0,0,10.485083,6.357042
top-k,-1,10.460666,106.209209,116.669875,537.801,1000,a61753475f1626e300b9cc33a7511ffde14988bdce607d87a239d87c323d88d3,0,0,7.679833,2.780833
scan-filter-project,0,13.201625,56.290625,69.49225,354.753,50000,132d4842fe598c56c831f05d014103e84ee78a3427f57dda1af7cf25bbb17586,0,0,10.118708,3.082917
grouped-count-min-max,0,7.914875,116.842708,124.757583,687.815,4096,44d72945f720a18307528d13c03c4d57646dc7f17bb149f99144104ae2967cdf,0,0,5.526833,2.388042
partitioned-join,0,14.746791,233.091834,247.838625,1106.216,50000,7253672c069452fe8863156958af7ba048aab03bee91d9d84d95680b27110f6e,0,0,9.283583,5.463208
top-k,0,10.391042,62.514625,72.905667,380.158,1000,a61753475f1626e300b9cc33a7511ffde14988bdce607d87a239d87c323d88d3,0,0,7.69975,2.691292
full-sort,0,13.310958,730.580292,743.89125,3638.152,5000000,a35a02cb1914ad7129114bf35866c36aabf04c456e6acc9e7f5b8a6148c546a7,0,0,9.869166,3.441792
grouped-count-min-max,1,7.446625,119.071292,126.517917,595.641,4096,44d72945f720a18307528d13c03c4d57646dc7f17bb149f99144104ae2967cdf,0,0,5.477167,1.969458
partitioned-join,1,13.782625,211.278167,225.060792,979.951,50000,7253672c069452fe8863156958af7ba048aab03bee91d9d84d95680b27110f6e,0,0,9.510084,4.272541
top-k,1,8.258125,59.967042,68.225167,291.277,1000,a61753475f1626e300b9cc33a7511ffde14988bdce607d87a239d87c323d88d3,0,0,6.152833,2.105292
full-sort,1,10.547625,763.404833,773.952458,3820.522,5000000,a35a02cb1914ad7129114bf35866c36aabf04c456e6acc9e7f5b8a6148c546a7,0,0,5.677875,4.86975
scan-filter-project,1,9.680875,60.183625,69.8645,257.307,50000,132d4842fe598c56c831f05d014103e84ee78a3427f57dda1af7cf25bbb17586,0,0,6.877042,2.803833
partitioned-join,2,13.450833,224.198125,237.648958,1062.499,50000,7253672c069452fe8863156958af7ba048aab03bee91d9d84d95680b27110f6e,0,0,9.142,4.308833
top-k,2,8.643958,62.009875,70.653833,328.526,1000,a61753475f1626e300b9cc33a7511ffde14988bdce607d87a239d87c323d88d3,0,0,6.437375,2.206583
full-sort,2,11.206416,835.898959,847.105375,4493.492,5000000,a35a02cb1914ad7129114bf35866c36aabf04c456e6acc9e7f5b8a6148c546a7,0,0,6.073875,5.132541
scan-filter-project,2,8.892167,62.728292,71.620459,348.714,50000,132d4842fe598c56c831f05d014103e84ee78a3427f57dda1af7cf25bbb17586,0,0,6.18575,2.706417
grouped-count-min-max,2,8.846292,144.236375,153.082667,699.054,4096,44d72945f720a18307528d13c03c4d57646dc7f17bb149f99144104ae2967cdf,0,0,6.842125,2.004167
