query,iteration,planning_ms,execution_ms,total_ms,cpu_ms,rows,sha256,local_nodes,comet_nodes
top-k,-2,1703.113792,667.194208,2370.308,4532.699,1000,6294ce5ea7d28dd38cc0dab6fe9bcf246c157844b3f3c60200a244285c0bbf9d,0,4
full-sort,-2,121.284458,276.760958,398.045416,2151.439,500000,326c8cd5e65bd77bc8a7437243f02e2309b03dd41d24b312f3b1efa781b29523,0,5
scan-filter-project,-2,93.835792,57.287583,151.123375,664.594,5000,1b9e8a9719d1f242d0dae228256e9359a0829c63cf2e20a17838a0d30a61ce81,0,4
grouped-count-min-max,-2,129.652958,62.233792,191.88675,1030.174,4096,e3aec3706612f7c455fa955ab67bbf03d662048d4259b4d35a4e02ec6ba018b0,0,5
partitioned-join,-2,99.917208,49.799458,149.716666,633.151,5000,4fd3e43ff9b1f55b66c475fb0812d7755c20f9714c8493a0a2461df54db90876,0,9
full-sort,-1,40.96825,123.826834,164.795084,978.632,500000,326c8cd5e65bd77bc8a7437243f02e2309b03dd41d24b312f3b1efa781b29523,0,5
scan-filter-project,-1,56.473042,19.787583,76.260625,211.332,5000,1b9e8a9719d1f242d0dae228256e9359a0829c63cf2e20a17838a0d30a61ce81,0,4
grouped-count-min-max,-1,47.091625,50.795292,97.886917,532.999,4096,e3aec3706612f7c455fa955ab67bbf03d662048d4259b4d35a4e02ec6ba018b0,0,5
partitioned-join,-1,124.840708,40.196334,165.037042,759.418,5000,4fd3e43ff9b1f55b66c475fb0812d7755c20f9714c8493a0a2461df54db90876,0,9
top-k,-1,49.090875,25.742209,74.833084,216.357,1000,6294ce5ea7d28dd38cc0dab6fe9bcf246c157844b3f3c60200a244285c0bbf9d,0,4
scan-filter-project,0,38.594834,16.115416,54.71025,147.844,5000,1b9e8a9719d1f242d0dae228256e9359a0829c63cf2e20a17838a0d30a61ce81,0,4
grouped-count-min-max,0,32.252583,31.481292,63.733875,224.778,4096,e3aec3706612f7c455fa955ab67bbf03d662048d4259b4d35a4e02ec6ba018b0,0,5
partitioned-join,0,149.858833,38.017375,187.876208,493.253,5000,4fd3e43ff9b1f55b66c475fb0812d7755c20f9714c8493a0a2461df54db90876,0,9
top-k,0,34.703209,23.571333,58.274542,160.413,1000,6294ce5ea7d28dd38cc0dab6fe9bcf246c157844b3f3c60200a244285c0bbf9d,0,4
full-sort,0,49.608375,77.523375,127.13175,492.068,500000,326c8cd5e65bd77bc8a7437243f02e2309b03dd41d24b312f3b1efa781b29523,0,5
grouped-count-min-max,1,34.2445,27.2935,61.538,206.396,4096,e3aec3706612f7c455fa955ab67bbf03d662048d4259b4d35a4e02ec6ba018b0,0,5
partitioned-join,1,106.121458,54.641375,160.762833,588.096,5000,4fd3e43ff9b1f55b66c475fb0812d7755c20f9714c8493a0a2461df54db90876,0,9
top-k,1,37.452083,38.067209,75.519292,295.922,1000,6294ce5ea7d28dd38cc0dab6fe9bcf246c157844b3f3c60200a244285c0bbf9d,0,4
full-sort,1,41.495125,88.04,129.535125,485.164,500000,326c8cd5e65bd77bc8a7437243f02e2309b03dd41d24b312f3b1efa781b29523,0,5
scan-filter-project,1,45.413542,15.828416,61.241958,139.599,5000,1b9e8a9719d1f242d0dae228256e9359a0829c63cf2e20a17838a0d30a61ce81,0,4
partitioned-join,2,108.359167,38.499792,146.858959,351.642,5000,4fd3e43ff9b1f55b66c475fb0812d7755c20f9714c8493a0a2461df54db90876,0,9
top-k,2,37.939708,37.565542,75.50525,404.271,1000,6294ce5ea7d28dd38cc0dab6fe9bcf246c157844b3f3c60200a244285c0bbf9d,0,4
full-sort,2,45.498667,82.771041,128.269708,518.991,500000,326c8cd5e65bd77bc8a7437243f02e2309b03dd41d24b312f3b1efa781b29523,0,5
scan-filter-project,2,46.471167,17.603833,64.075,135.019,5000,1b9e8a9719d1f242d0dae228256e9359a0829c63cf2e20a17838a0d30a61ce81,0,4
grouped-count-min-max,2,50.214916,45.328625,95.543541,168.49,4096,e3aec3706612f7c455fa955ab67bbf03d662048d4259b4d35a4e02ec6ba018b0,0,5
top-k,3,96.220166,33.597334,129.8175,598.593,1000,6294ce5ea7d28dd38cc0dab6fe9bcf246c157844b3f3c60200a244285c0bbf9d,0,4
full-sort,3,80.070875,77.205208,157.276083,437.62,500000,326c8cd5e65bd77bc8a7437243f02e2309b03dd41d24b312f3b1efa781b29523,0,5
scan-filter-project,3,35.753208,29.434375,65.187583,285.849,5000,1b9e8a9719d1f242d0dae228256e9359a0829c63cf2e20a17838a0d30a61ce81,0,4
grouped-count-min-max,3,44.658125,39.590291,84.248416,378.368,4096,e3aec3706612f7c455fa955ab67bbf03d662048d4259b4d35a4e02ec6ba018b0,0,5
partitioned-join,3,113.590458,32.967417,146.557875,376.314,5000,4fd3e43ff9b1f55b66c475fb0812d7755c20f9714c8493a0a2461df54db90876,0,9
full-sort,4,41.165917,86.99025,128.156167,531.524,500000,326c8cd5e65bd77bc8a7437243f02e2309b03dd41d24b312f3b1efa781b29523,0,5
scan-filter-project,4,52.005208,15.945209,67.950417,154.498,5000,1b9e8a9719d1f242d0dae228256e9359a0829c63cf2e20a17838a0d30a61ce81,0,4
grouped-count-min-max,4,36.518958,30.873959,67.392917,265.156,4096,e3aec3706612f7c455fa955ab67bbf03d662048d4259b4d35a4e02ec6ba018b0,0,5
partitioned-join,4,68.646,32.554,101.2,279.494,5000,4fd3e43ff9b1f55b66c475fb0812d7755c20f9714c8493a0a2461df54db90876,0,9
top-k,4,41.604,22.933792,64.537792,167.046,1000,6294ce5ea7d28dd38cc0dab6fe9bcf246c157844b3f3c60200a244285c0bbf9d,0,4
