query,iteration,planning_ms,execution_ms,total_ms,cpu_ms,rows,sha256,local_nodes,comet_nodes
top-k,-2,1668.289666,482.448084,2150.73775,3787.11,1000,6294ce5ea7d28dd38cc0dab6fe9bcf246c157844b3f3c60200a244285c0bbf9d,1,1
full-sort,-2,68.619,120.508166,189.127166,694.796,500000,326c8cd5e65bd77bc8a7437243f02e2309b03dd41d24b312f3b1efa781b29523,1,1
scan-filter-project,-2,75.683959,49.336791,125.02075,632.506,5000,1b9e8a9719d1f242d0dae228256e9359a0829c63cf2e20a17838a0d30a61ce81,1,1
grouped-count-min-max,-2,143.007542,34.803167,177.810709,445.81,4096,e3aec3706612f7c455fa955ab67bbf03d662048d4259b4d35a4e02ec6ba018b0,1,1
partitioned-join,-2,101.435,17.033084,118.468084,363.041,5000,4fd3e43ff9b1f55b66c475fb0812d7755c20f9714c8493a0a2461df54db90876,1,1
full-sort,-1,40.73875,86.384833,127.123583,599.843,500000,326c8cd5e65bd77bc8a7437243f02e2309b03dd41d24b312f3b1efa781b29523,1,1
scan-filter-project,-1,56.078875,17.8215,73.900375,185.874,5000,1b9e8a9719d1f242d0dae228256e9359a0829c63cf2e20a17838a0d30a61ce81,1,1
grouped-count-min-max,-1,45.031,40.799708,85.830708,572.414,4096,e3aec3706612f7c455fa955ab67bbf03d662048d4259b4d35a4e02ec6ba018b0,1,1
partitioned-join,-1,129.036084,14.940666,143.97675,317.247,5000,4fd3e43ff9b1f55b66c475fb0812d7755c20f9714c8493a0a2461df54db90876,1,1
top-k,-1,39.911875,21.928583,61.840458,379.233,1000,6294ce5ea7d28dd38cc0dab6fe9bcf246c157844b3f3c60200a244285c0bbf9d,1,1
scan-filter-project,0,74.595958,16.361958,90.957916,364.352,5000,1b9e8a9719d1f242d0dae228256e9359a0829c63cf2e20a17838a0d30a61ce81,1,1
grouped-count-min-max,0,98.597167,19.159083,117.75625,228.326,4096,e3aec3706612f7c455fa955ab67bbf03d662048d4259b4d35a4e02ec6ba018b0,1,1
partitioned-join,0,197.048333,12.415708,209.464041,306.971,5000,4fd3e43ff9b1f55b66c475fb0812d7755c20f9714c8493a0a2461df54db90876,1,1
top-k,0,34.875083,13.618375,48.493458,129.168,1000,6294ce5ea7d28dd38cc0dab6fe9bcf246c157844b3f3c60200a244285c0bbf9d,1,1
full-sort,0,33.611208,63.996834,97.608042,290.505,500000,326c8cd5e65bd77bc8a7437243f02e2309b03dd41d24b312f3b1efa781b29523,1,1
grouped-count-min-max,1,31.159292,17.099958,48.25925,101.697,4096,e3aec3706612f7c455fa955ab67bbf03d662048d4259b4d35a4e02ec6ba018b0,1,1
partitioned-join,1,104.496625,12.974125,117.47075,187.024,5000,4fd3e43ff9b1f55b66c475fb0812d7755c20f9714c8493a0a2461df54db90876,1,1
top-k,1,56.146666,13.316667,69.463333,142.127,1000,6294ce5ea7d28dd38cc0dab6fe9bcf246c157844b3f3c60200a244285c0bbf9d,1,1
full-sort,1,92.26125,65.025,157.28625,427.388,500000,326c8cd5e65bd77bc8a7437243f02e2309b03dd41d24b312f3b1efa781b29523,1,1
scan-filter-project,1,73.754125,14.870375,88.6245,165.296,5000,1b9e8a9719d1f242d0dae228256e9359a0829c63cf2e20a17838a0d30a61ce81,1,1
partitioned-join,2,120.138333,13.13125,133.269583,495.07,5000,4fd3e43ff9b1f55b66c475fb0812d7755c20f9714c8493a0a2461df54db90876,1,1
top-k,2,39.770958,14.242875,54.013833,161.469,1000,6294ce5ea7d28dd38cc0dab6fe9bcf246c157844b3f3c60200a244285c0bbf9d,1,1
full-sort,2,31.565,63.268542,94.833542,189.821,500000,326c8cd5e65bd77bc8a7437243f02e2309b03dd41d24b312f3b1efa781b29523,1,1
scan-filter-project,2,50.779292,15.477667,66.256959,126.618,5000,1b9e8a9719d1f242d0dae228256e9359a0829c63cf2e20a17838a0d30a61ce81,1,1
grouped-count-min-max,2,63.642833,17.320417,80.96325,126.062,4096,e3aec3706612f7c455fa955ab67bbf03d662048d4259b4d35a4e02ec6ba018b0,1,1
top-k,3,43.948834,12.634208,56.583042,108.148,1000,6294ce5ea7d28dd38cc0dab6fe9bcf246c157844b3f3c60200a244285c0bbf9d,1,1
full-sort,3,100.082916,70.838,170.920916,484.371,500000,326c8cd5e65bd77bc8a7437243f02e2309b03dd41d24b312f3b1efa781b29523,1,1
scan-filter-project,3,33.833084,27.693708,61.526792,258.682,5000,1b9e8a9719d1f242d0dae228256e9359a0829c63cf2e20a17838a0d30a61ce81,1,1
grouped-count-min-max,3,88.033667,16.406541,104.440208,270.145,4096,e3aec3706612f7c455fa955ab67bbf03d662048d4259b4d35a4e02ec6ba018b0,1,1
partitioned-join,3,152.86825,12.247834,165.116084,289.535,5000,4fd3e43ff9b1f55b66c475fb0812d7755c20f9714c8493a0a2461df54db90876,1,1
full-sort,4,39.483459,71.910833,111.394292,387.053,500000,326c8cd5e65bd77bc8a7437243f02e2309b03dd41d24b312f3b1efa781b29523,1,1
scan-filter-project,4,38.975291,13.605417,52.580708,121.234,5000,1b9e8a9719d1f242d0dae228256e9359a0829c63cf2e20a17838a0d30a61ce81,1,1
grouped-count-min-max,4,35.05925,16.820667,51.879917,127.477,4096,e3aec3706612f7c455fa955ab67bbf03d662048d4259b4d35a4e02ec6ba018b0,1,1
partitioned-join,4,128.647042,11.788708,140.43575,278.969,5000,4fd3e43ff9b1f55b66c475fb0812d7755c20f9714c8493a0a2461df54db90876,1,1
top-k,4,63.498875,12.455875,75.95475,152.282,1000,6294ce5ea7d28dd38cc0dab6fe9bcf246c157844b3f3c60200a244285c0bbf9d,1,1
