elapsed_s,phase,rss_kib,native_temp_bytes,spark_temp_bytes
0.039382209,startup,6752,0,0
0.15577616700000002,startup,112400,0,0
0.264294875,startup,222368,0,0
0.380116042,startup,254944,0,0
0.49595683399999996,startup,272992,0,0
0.611785792,startup,325040,0,0
0.7288807500000001,startup,340528,0,0
0.846791292,startup,350464,0,0
1.0030169169999998,startup,393344,0,0
1.118656667,startup,401360,0,0
1.234003167,startup,411600,0,0
1.3502144999999999,startup,427760,0,0
1.461590959,"top-k,-2",465376,0,0
1.5806867089999999,"top-k,-2",499232,0,0
1.699565584,"top-k,-2",508576,0,0
1.8224456249999998,"top-k,-2",519472,0,0
1.944968417,"top-k,-2",532080,0,0
2.0700761250000004,"top-k,-2",560112,0,0
2.1918328750000002,"top-k,-2",584800,0,0
2.310769042,"top-k,-2",584880,0,0
2.434652459,"top-k,-2",627760,0,0
2.557638792,"top-k,-2",684160,0,0
2.677380125,"top-k,-2",690208,0,0
2.7958768750000003,"top-k,-2",697840,0,0
2.907706875,"top-k,-2",710272,0,0
3.0295632500000003,"top-k,-2",719440,0,0
3.1530769590000003,"top-k,-2",728128,0,0
3.269100417,"top-k,-2",752336,0,0
3.386256792,"top-k,-2",759360,0,0
3.510232417,"top-k,-2",759712,0,0
3.6280840000000003,"full-sort,-2",775312,0,0
3.7528525000000004,idle,984816,0,0
3.877821167,"scan-filter-project,-2",1079328,0,0
4.002549875,"grouped-count-min-max,-2",1088400,0,0
4.126970249999999,"partitioned-join,-2",1108624,0,0
4.244916084,"full-sort,-1",1120448,0,0
4.360602042,"full-sort,-1",1206720,0,0
4.4795374169999995,"scan-filter-project,-1",1209120,0,0
4.594769917,"partitioned-join,-1",1292576,0,0
4.716742459,"top-k,-1",1296320,0,0
4.841562417,"scan-filter-project,0",1331328,0,0
4.9661329169999995,"grouped-count-min-max,0",1333824,0,0
5.095081749999999,"partitioned-join,0",1338416,0,0
5.223705792,"top-k,0",1339296,0,0
5.349514084,idle,1349296,0,0
5.472574334,"partitioned-join,1",1351200,0,0
5.601572709,"top-k,1",1352032,0,0
5.724399084,"full-sort,1",1354880,0,0
5.853644375,"scan-filter-project,1",1366864,0,0
5.9748085,"partitioned-join,2",1368688,0,0
6.097334375,"top-k,2",1372368,0,0
6.216707625,idle,1489472,0,0
6.338585375,"grouped-count-min-max,2",1578928,0,0
6.465522042,"top-k,3",1637456,0,0
6.58539375,"full-sort,3",1670160,0,0
6.708748792,"scan-filter-project,3",1686176,0,0
6.838238833999999,"grouped-count-min-max,3",1692576,0,0
6.966471125,"partitioned-join,3",1693344,0,0
7.0955752919999995,"full-sort,4",1704704,0,0
7.2167935839999995,"scan-filter-project,4",1705264,0,0
7.3434360419999996,"partitioned-join,4",1706736,0,0
7.467242917,"top-k,4",1707200,0,0
7.596771834,retained,1707408,0,0
7.7191132499999995,retained,1707408,0,0
7.849692875,retained,1707408,0,0
7.975574583999999,retained,1707408,0,0
8.101477417,retained,1707408,0,0
8.220084875000001,retained,1707408,0,0
8.339681709,retained,1707408,0,0
8.478244667,retained,1707408,0,0
8.602088709,retained,1686544,0,0
8.722644709,retained,1686048,0,0
8.848772792,retained,1686048,0,0
8.972561292,retained,1686048,0,0
9.09475725,retained,0,0,0
