query,iteration,planning_ms,execution_ms,total_ms,cpu_ms,rows,sha256,local_nodes,comet_nodes
top-k,-2,1457.228958,685.269583,2142.498541,4239.763,1000,6294ce5ea7d28dd38cc0dab6fe9bcf246c157844b3f3c60200a244285c0bbf9d,0,0
full-sort,-2,88.117125,566.5355,654.652625,3822.872,500000,326c8cd5e65bd77bc8a7437243f02e2309b03dd41d24b312f3b1efa781b29523,0,0
scan-filter-project,-2,157.745084,147.3225,305.067584,1176.418,5000,1b9e8a9719d1f242d0dae228256e9359a0829c63cf2e20a17838a0d30a61ce81,0,0
grouped-count-min-max,-2,66.451334,261.033291,327.484625,1825.473,4096,e3aec3706612f7c455fa955ab67bbf03d662048d4259b4d35a4e02ec6ba018b0,0,0
partitioned-join,-2,164.231333,153.517959,317.749292,1384.47,5000,4fd3e43ff9b1f55b66c475fb0812d7755c20f9714c8493a0a2461df54db90876,0,0
full-sort,-1,51.332917,167.382042,218.714959,1104.154,500000,326c8cd5e65bd77bc8a7437243f02e2309b03dd41d24b312f3b1efa781b29523,0,0
scan-filter-project,-1,115.551416,51.898625,167.450041,493.037,5000,1b9e8a9719d1f242d0dae228256e9359a0829c63cf2e20a17838a0d30a61ce81,0,0
grouped-count-min-max,-1,41.719375,91.6865,133.405875,814.332,4096,e3aec3706612f7c455fa955ab67bbf03d662048d4259b4d35a4e02ec6ba018b0,0,0
partitioned-join,-1,93.359625,100.408125,193.76775,713.124,5000,4fd3e43ff9b1f55b66c475fb0812d7755c20f9714c8493a0a2461df54db90876,0,0
top-k,-1,42.035208,43.004292,85.0395,298.666,1000,6294ce5ea7d28dd38cc0dab6fe9bcf246c157844b3f3c60200a244285c0bbf9d,0,0
scan-filter-project,0,36.81125,23.713417,60.524667,182.72,5000,1b9e8a9719d1f242d0dae228256e9359a0829c63cf2e20a17838a0d30a61ce81,0,0
grouped-count-min-max,0,31.729,53.014042,84.743042,325.056,4096,e3aec3706612f7c455fa955ab67bbf03d662048d4259b4d35a4e02ec6ba018b0,0,0
partitioned-join,0,68.90425,76.24625,145.1505,504.7,5000,4fd3e43ff9b1f55b66c475fb0812d7755c20f9714c8493a0a2461df54db90876,0,0
top-k,0,33.503042,36.9695,70.472542,201.795,1000,6294ce5ea7d28dd38cc0dab6fe9bcf246c157844b3f3c60200a244285c0bbf9d,0,0
full-sort,0,37.670583,113.879875,151.550458,622.194,500000,326c8cd5e65bd77bc8a7437243f02e2309b03dd41d24b312f3b1efa781b29523,0,0
grouped-count-min-max,1,33.392583,52.78575,86.178333,272.945,4096,e3aec3706612f7c455fa955ab67bbf03d662048d4259b4d35a4e02ec6ba018b0,0,0
partitioned-join,1,125.428791,74.00725,199.436041,890.424,5000,4fd3e43ff9b1f55b66c475fb0812d7755c20f9714c8493a0a2461df54db90876,0,0
top-k,1,46.079875,26.000625,72.0805,231.195,1000,6294ce5ea7d28dd38cc0dab6fe9bcf246c157844b3f3c60200a244285c0bbf9d,0,0
full-sort,1,30.108792,106.571625,136.680417,476.472,500000,326c8cd5e65bd77bc8a7437243f02e2309b03dd41d24b312f3b1efa781b29523,0,0
scan-filter-project,1,36.126667,25.28925,61.415917,133.286,5000,1b9e8a9719d1f242d0dae228256e9359a0829c63cf2e20a17838a0d30a61ce81,0,0
partitioned-join,2,69.028917,102.571958,171.600875,443.975,5000,4fd3e43ff9b1f55b66c475fb0812d7755c20f9714c8493a0a2461df54db90876,0,0
top-k,2,32.392333,44.797333,77.189666,369.372,1000,6294ce5ea7d28dd38cc0dab6fe9bcf246c157844b3f3c60200a244285c0bbf9d,0,0
full-sort,2,42.573,127.051667,169.624667,576.772,500000,326c8cd5e65bd77bc8a7437243f02e2309b03dd41d24b312f3b1efa781b29523,0,0
scan-filter-project,2,58.252959,47.272625,105.525584,506.487,5000,1b9e8a9719d1f242d0dae228256e9359a0829c63cf2e20a17838a0d30a61ce81,0,0
grouped-count-min-max,2,34.20525,39.073458,73.278708,333.291,4096,e3aec3706612f7c455fa955ab67bbf03d662048d4259b4d35a4e02ec6ba018b0,0,0
top-k,3,43.424917,22.159583,65.5845,180.629,1000,6294ce5ea7d28dd38cc0dab6fe9bcf246c157844b3f3c60200a244285c0bbf9d,0,0
full-sort,3,30.609166,106.271292,136.880458,446.897,500000,326c8cd5e65bd77bc8a7437243f02e2309b03dd41d24b312f3b1efa781b29523,0,0
scan-filter-project,3,32.301875,21.303375,53.60525,118.706,5000,1b9e8a9719d1f242d0dae228256e9359a0829c63cf2e20a17838a0d30a61ce81,0,0
grouped-count-min-max,3,68.298333,51.610458,119.908791,284.777,4096,e3aec3706612f7c455fa955ab67bbf03d662048d4259b4d35a4e02ec6ba018b0,0,0
partitioned-join,3,131.42025,98.35475,229.775,595.657,5000,4fd3e43ff9b1f55b66c475fb0812d7755c20f9714c8493a0a2461df54db90876,0,0
full-sort,4,54.977042,94.363333,149.340375,477.832,500000,326c8cd5e65bd77bc8a7437243f02e2309b03dd41d24b312f3b1efa781b29523,0,0
scan-filter-project,4,29.746083,19.889667,49.63575,107.573,5000,1b9e8a9719d1f242d0dae228256e9359a0829c63cf2e20a17838a0d30a61ce81,0,0
grouped-count-min-max,4,29.304125,61.979459,91.283584,576.985,4096,e3aec3706612f7c455fa955ab67bbf03d662048d4259b4d35a4e02ec6ba018b0,0,0
partitioned-join,4,65.451292,62.503417,127.954709,510.041,5000,4fd3e43ff9b1f55b66c475fb0812d7755c20f9714c8493a0a2461df54db90876,0,0
top-k,4,29.773166,21.638584,51.41175,180.22,1000,6294ce5ea7d28dd38cc0dab6fe9bcf246c157844b3f3c60200a244285c0bbf9d,0,0
