query,iteration,planning_ms,execution_ms,total_ms,cpu_ms,rows,sha256,local_nodes,comet_nodes,dataframe_ms,physical_planning_ms
top-k,-2,1312.863584,961.899833,2274.763417,4335.162,1000,6294ce5ea7d28dd38cc0dab6fe9bcf246c157844b3f3c60200a244285c0bbf9d,0,4,794.357417,518.506167
full-sort,-2,39.827,264.020625,303.847625,2263.542,500000,326c8cd5e65bd77bc8a7437243f02e2309b03dd41d24b312f3b1efa781b29523,0,5,14.815292,25.011708
scan-filter-project,-2,58.403958,63.2645,121.668458,755.143,5000,1b9e8a9719d1f242d0dae228256e9359a0829c63cf2e20a17838a0d30a61ce81,0,4,28.353667,30.050291
grouped-count-min-max,-2,73.95175,68.39575,142.3475,674.065,4096,e3aec3706612f7c455fa955ab67bbf03d662048d4259b4d35a4e02ec6ba018b0,0,5,25.858792,48.092958
partitioned-join,-2,80.012542,60.208791,140.221333,1064.217,5000,4fd3e43ff9b1f55b66c475fb0812d7755c20f9714c8493a0a2461df54db90876,0,9,45.669792,34.34275
full-sort,-1,17.490708,140.144625,157.635333,919.136,500000,326c8cd5e65bd77bc8a7437243f02e2309b03dd41d24b312f3b1efa781b29523,0,5,9.989542,7.501166
scan-filter-project,-1,21.078625,20.807625,41.88625,208.117,5000,1b9e8a9719d1f242d0dae228256e9359a0829c63cf2e20a17838a0d30a61ce81,0,4,12.085792,8.992833
grouped-count-min-max,-1,16.4395,59.620083,76.059583,680.744,4096,e3aec3706612f7c455fa955ab67bbf03d662048d4259b4d35a4e02ec6ba018b0,0,5,7.8735,8.566
partitioned-join,-1,23.788791,74.090917,97.879708,719.851,5000,4fd3e43ff9b1f55b66c475fb0812d7755c20f9714c8493a0a2461df54db90876,0,9,12.452416,11.336375
top-k,-1,18.489417,29.049958,47.539375,226.156,1000,6294ce5ea7d28dd38cc0dab6fe9bcf246c157844b3f3c60200a244285c0bbf9d,0,4,12.0195,6.469917
scan-filter-project,0,15.289458,17.307208,32.596666,125.29,5000,1b9e8a9719d1f242d0dae228256e9359a0829c63cf2e20a17838a0d30a61ce81,0,4,8.211583,7.077875
grouped-count-min-max,0,15.714042,33.69775,49.411792,224.768,4096,e3aec3706612f7c455fa955ab67bbf03d662048d4259b4d35a4e02ec6ba018b0,0,5,8.041042,7.673
partitioned-join,0,21.107833,42.25825,63.366083,334.533,5000,4fd3e43ff9b1f55b66c475fb0812d7755c20f9714c8493a0a2461df54db90876,0,9,11.832667,9.275166
top-k,0,13.019042,26.721958,39.741,169.171,1000,6294ce5ea7d28dd38cc0dab6fe9bcf246c157844b3f3c60200a244285c0bbf9d,0,4,8.74,4.279042
full-sort,0,12.556292,88.212333,100.768625,526.317,500000,326c8cd5e65bd77bc8a7437243f02e2309b03dd41d24b312f3b1efa781b29523,0,5,7.417,5.139292
grouped-count-min-max,1,12.892209,30.201,43.093209,176.214,4096,e3aec3706612f7c455fa955ab67bbf03d662048d4259b4d35a4e02ec6ba018b0,0,5,6.802375,6.089834
partitioned-join,1,22.278833,37.242792,59.521625,242.159,5000,4fd3e43ff9b1f55b66c475fb0812d7755c20f9714c8493a0a2461df54db90876,0,9,13.051583,9.22725
top-k,1,11.433792,32.906625,44.340417,266.794,1000,6294ce5ea7d28dd38cc0dab6fe9bcf246c157844b3f3c60200a244285c0bbf9d,0,4,7.052667,4.381125
full-sort,1,12.220958,88.65425,100.875208,548.266,500000,326c8cd5e65bd77bc8a7437243f02e2309b03dd41d24b312f3b1efa781b29523,0,5,7.190625,5.030333
scan-filter-project,1,13.965334,25.206875,39.172209,204.429,5000,1b9e8a9719d1f242d0dae228256e9359a0829c63cf2e20a17838a0d30a61ce81,0,4,7.091667,6.873667
partitioned-join,2,18.1795,37.868459,56.047959,294.176,5000,4fd3e43ff9b1f55b66c475fb0812d7755c20f9714c8493a0a2461df54db90876,0,9,10.238042,7.941458
top-k,2,12.092834,25.793458,37.886292,193.11,1000,6294ce5ea7d28dd38cc0dab6fe9bcf246c157844b3f3c60200a244285c0bbf9d,0,4,7.053084,5.03975
full-sort,2,10.733375,81.083958,91.817333,367.69,500000,326c8cd5e65bd77bc8a7437243f02e2309b03dd41d24b312f3b1efa781b29523,0,5,6.656292,4.077083
scan-filter-project,2,12.226959,34.710458,46.937417,298.142,5000,1b9e8a9719d1f242d0dae228256e9359a0829c63cf2e20a17838a0d30a61ce81,0,4,7.299584,4.927375
grouped-count-min-max,2,11.200209,44.001166,55.201375,350.503,4096,e3aec3706612f7c455fa955ab67bbf03d662048d4259b4d35a4e02ec6ba018b0,0,5,6.242167,4.958042
top-k,3,14.666916,26.713084,41.38,254.182,1000,6294ce5ea7d28dd38cc0dab6fe9bcf246c157844b3f3c60200a244285c0bbf9d,0,4,10.264708,4.402208
full-sort,3,12.599792,80.940666,93.540458,409.978,500000,326c8cd5e65bd77bc8a7437243f02e2309b03dd41d24b312f3b1efa781b29523,0,5,7.726167,4.873625
scan-filter-project,3,11.730709,15.559833,27.290542,79.792,5000,1b9e8a9719d1f242d0dae228256e9359a0829c63cf2e20a17838a0d30a61ce81,0,4,6.286459,5.44425
grouped-count-min-max,3,8.665167,28.144666,36.809833,143.902,4096,e3aec3706612f7c455fa955ab67bbf03d662048d4259b4d35a4e02ec6ba018b0,0,5,4.678125,3.987042
partitioned-join,3,15.835,35.299459,51.134459,240.001,5000,4fd3e43ff9b1f55b66c475fb0812d7755c20f9714c8493a0a2461df54db90876,0,9,8.960459,6.874541
full-sort,4,9.082875,74.294916,83.377791,311.62,500000,326c8cd5e65bd77bc8a7437243f02e2309b03dd41d24b312f3b1efa781b29523,0,5,5.609125,3.47375
scan-filter-project,4,11.731958,15.723625,27.455583,69.522,5000,1b9e8a9719d1f242d0dae228256e9359a0829c63cf2e20a17838a0d30a61ce81,0,4,6.960667,4.771291
grouped-count-min-max,4,9.65875,31.188917,40.847667,170.695,4096,e3aec3706612f7c455fa955ab67bbf03d662048d4259b4d35a4e02ec6ba018b0,0,5,5.417,4.24175
partitioned-join,4,17.73,49.827417,67.557417,360.35,5000,4fd3e43ff9b1f55b66c475fb0812d7755c20f9714c8493a0a2461df54db90876,0,9,11.135833,6.594167
top-k,4,10.663875,24.480542,35.144417,129.706,1000,6294ce5ea7d28dd38cc0dab6fe9bcf246c157844b3f3c60200a244285c0bbf9d,0,4,6.706167,3.957708
