elapsed_s,phase,rss_kib,native_temp_bytes,spark_temp_bytes
0.020216208,startup,7168,0,0
0.12724954100000002,startup,98960,0,0
0.24394575000000002,startup,213824,0,0
0.35368312500000004,startup,252800,0,0
0.465348583,startup,278048,0,0
0.5739955409999999,startup,313792,0,0
0.679827583,startup,345776,0,0
0.787816583,startup,351328,0,0
0.897332166,startup,362352,0,0
1.008243,startup,402544,0,0
1.11506775,startup,410496,0,0
1.2262904159999999,startup,420288,0,0
1.332866208,startup,428992,0,0
1.444085375,"top-k,-2",463472,0,0
1.5556643749999999,"top-k,-2",501952,0,0
1.667332416,"top-k,-2",509936,0,0
1.7734894159999999,"top-k,-2",519056,0,0
1.880140208,"top-k,-2",528624,0,0
1.987801333,"top-k,-2",536544,0,0
2.0992043330000003,"top-k,-2",563248,0,0
2.2063210410000003,"top-k,-2",592736,0,0
2.3140887500000002,"top-k,-2",627024,0,0
2.425006958,"top-k,-2",669152,0,0
2.5363954160000004,"top-k,-2",676944,0,0
2.647979583,"top-k,-2",683504,0,0
2.756239958,"top-k,-2",690784,0,0
2.867923375,"top-k,-2",697568,0,0
2.979876958,"top-k,-2",704432,0,0
3.0887206660000004,"top-k,-2",708800,0,0
3.1953248750000003,"top-k,-2",711488,0,0
3.305259083,"top-k,-2",722224,0,0
3.4170768750000002,"top-k,-2",736128,0,0
3.5247518330000003,"top-k,-2",739808,0,0
3.637308,"top-k,-2",763296,0,33415
3.7502459580000003,"full-sort,-2",781520,0,33415
3.859106583,"full-sort,-2",898896,0,0
3.9690364160000002,"full-sort,-2",989280,0,4087946
4.0793655,"scan-filter-project,-2",1136160,0,4087946
4.188834041,"grouped-count-min-max,-2",1143840,0,4087946
4.303250541,"grouped-count-min-max,-2",1152992,0,4326959
4.417786875,"partitioned-join,-2",1249376,0,4326959
4.528200291,"full-sort,-1",1274064,0,6410519
4.6400749999999995,idle,1287568,0,8417016
4.751117625,"grouped-count-min-max,-1",1295808,0,8417016
4.872172375,"partitioned-join,-1",1306448,0,2322573
4.9865418749999995,"grouped-count-min-max,0",1314304,0,2355988
5.1043607909999995,"top-k,0",1318000,0,4678561
5.221119874999999,"full-sort,0",1328736,0,4327941
5.338116791,"partitioned-join,1",1330064,0,4566954
5.4557463749999995,"full-sort,1",1333632,0,6683929
5.5748185,idle,1337008,0,4123350
5.696056,"top-k,2",1345056,0,6206910
5.811952291,"full-sort,2",1400304,0,8212242
5.932426916,"grouped-count-min-max,2",1575072,0,4123350
6.049135457999999,"full-sort,3",1582096,0,272428
6.167263290999999,idle,1593184,0,4361339
6.280105083,"partitioned-join,3",1594448,0,4600352
6.398633208,idle,1596528,0,10774138
6.528530416,"grouped-count-min-max,4",1669616,0,11013151
6.645628416,retained,1734384,0,12891113
6.7587308749999995,retained,1734400,0,12891113
6.871438083,retained,1734400,0,12891113
6.991075458,retained,1734400,0,12891113
7.11419,retained,1734400,0,12891113
7.234209125,retained,1734400,0,12891113
7.350890457999999,retained,1734400,0,12891113
7.466792625,retained,1734400,0,12891113
7.5866025829999995,retained,1734400,0,12891113
7.7057463749999995,retained,1715904,0,0
7.813393,retained,1712992,0,0
7.919432416,retained,1712992,0,0
8.03307075,retained,1712992,0,0
8.144193541,retained,0,0,0
