query,iteration,planning_ms,execution_ms,total_ms,cpu_ms,rows,sha256,local_nodes,comet_nodes,dataframe_ms,physical_planning_ms
top-k,-2,1307.45575,756.674667,2064.130417,3577.108,1000,6294ce5ea7d28dd38cc0dab6fe9bcf246c157844b3f3c60200a244285c0bbf9d,1,1,808.599542,498.856208
full-sort,-2,32.814208,152.451167,185.265375,931.802,500000,326c8cd5e65bd77bc8a7437243f02e2309b03dd41d24b312f3b1efa781b29523,1,1,13.297917,19.516291
scan-filter-project,-2,56.678791,62.416084,119.094875,636.425,5000,1b9e8a9719d1f242d0dae228256e9359a0829c63cf2e20a17838a0d30a61ce81,1,1,29.136833,27.541958
grouped-count-min-max,-2,71.568375,53.919417,125.487792,527.702,4096,e3aec3706612f7c455fa955ab67bbf03d662048d4259b4d35a4e02ec6ba018b0,1,1,26.509333,45.059042
partitioned-join,-2,62.149667,20.555083,82.70475,276.594,5000,4fd3e43ff9b1f55b66c475fb0812d7755c20f9714c8493a0a2461df54db90876,1,1,26.349,35.800667
full-sort,-1,15.838917,73.838833,89.67775,308.83,500000,326c8cd5e65bd77bc8a7437243f02e2309b03dd41d24b312f3b1efa781b29523,1,1,9.408667,6.43025
scan-filter-project,-1,21.915625,29.466916,51.382541,282.679,5000,1b9e8a9719d1f242d0dae228256e9359a0829c63cf2e20a17838a0d30a61ce81,1,1,12.183041,9.732584
grouped-count-min-max,-1,15.6035,22.684292,38.287792,220.901,4096,e3aec3706612f7c455fa955ab67bbf03d662048d4259b4d35a4e02ec6ba018b0,1,1,8.669542,6.933958
partitioned-join,-1,25.218625,17.99975,43.218375,208.811,5000,4fd3e43ff9b1f55b66c475fb0812d7755c20f9714c8493a0a2461df54db90876,1,1,12.694083,12.524542
top-k,-1,19.110875,17.729459,36.840334,211.424,1000,6294ce5ea7d28dd38cc0dab6fe9bcf246c157844b3f3c60200a244285c0bbf9d,1,1,9.543125,9.56775
scan-filter-project,0,16.8075,19.14575,35.95325,198.991,5000,1b9e8a9719d1f242d0dae228256e9359a0829c63cf2e20a17838a0d30a61ce81,1,1,8.54025,8.26725
grouped-count-min-max,0,13.293333,22.177125,35.470458,177.053,4096,e3aec3706612f7c455fa955ab67bbf03d662048d4259b4d35a4e02ec6ba018b0,1,1,8.184875,5.108458
partitioned-join,0,23.018833,16.355542,39.374375,135.682,5000,4fd3e43ff9b1f55b66c475fb0812d7755c20f9714c8493a0a2461df54db90876,1,1,11.841791,11.177042
top-k,0,12.806875,14.793167,27.600042,88.998,1000,6294ce5ea7d28dd38cc0dab6fe9bcf246c157844b3f3c60200a244285c0bbf9d,1,1,8.223708,4.583167
full-sort,0,13.045208,69.560334,82.605542,352.769,500000,326c8cd5e65bd77bc8a7437243f02e2309b03dd41d24b312f3b1efa781b29523,1,1,7.557208,5.488
grouped-count-min-max,1,11.893583,20.056209,31.949792,101.081,4096,e3aec3706612f7c455fa955ab67bbf03d662048d4259b4d35a4e02ec6ba018b0,1,1,7.306208,4.587375
partitioned-join,1,20.222583,14.918375,35.140958,91.859,5000,4fd3e43ff9b1f55b66c475fb0812d7755c20f9714c8493a0a2461df54db90876,1,1,11.466625,8.755958
top-k,1,11.972542,14.51825,26.490792,119.977,1000,6294ce5ea7d28dd38cc0dab6fe9bcf246c157844b3f3c60200a244285c0bbf9d,1,1,7.213,4.759542
full-sort,1,12.544792,73.227708,85.7725,493.671,500000,326c8cd5e65bd77bc8a7437243f02e2309b03dd41d24b312f3b1efa781b29523,1,1,7.238417,5.306375
scan-filter-project,1,13.6575,19.038875,32.696375,110.428,5000,1b9e8a9719d1f242d0dae228256e9359a0829c63cf2e20a17838a0d30a61ce81,1,1,7.604584,6.052916
partitioned-join,2,17.850667,14.960083,32.81075,129.012,5000,4fd3e43ff9b1f55b66c475fb0812d7755c20f9714c8493a0a2461df54db90876,1,1,10.256417,7.59425
top-k,2,12.035542,15.193625,27.229167,109.739,1000,6294ce5ea7d28dd38cc0dab6fe9bcf246c157844b3f3c60200a244285c0bbf9d,1,1,7.153084,4.882458
full-sort,2,10.712625,70.234583,80.947208,181.876,500000,326c8cd5e65bd77bc8a7437243f02e2309b03dd41d24b312f3b1efa781b29523,1,1,6.760708,3.951917
scan-filter-project,2,13.231042,18.276958,31.508,114.473,5000,1b9e8a9719d1f242d0dae228256e9359a0829c63cf2e20a17838a0d30a61ce81,1,1,7.095667,6.135375
grouped-count-min-max,2,10.107666,19.193459,29.301125,109.472,4096,e3aec3706612f7c455fa955ab67bbf03d662048d4259b4d35a4e02ec6ba018b0,1,1,6.293958,3.813708
top-k,3,12.150125,15.477209,27.627334,108.198,1000,6294ce5ea7d28dd38cc0dab6fe9bcf246c157844b3f3c60200a244285c0bbf9d,1,1,7.389375,4.76075
full-sort,3,11.281042,68.424833,79.705875,165.071,500000,326c8cd5e65bd77bc8a7437243f02e2309b03dd41d24b312f3b1efa781b29523,1,1,7.168958,4.112084
scan-filter-project,3,11.357417,15.550208,26.907625,78.068,5000,1b9e8a9719d1f242d0dae228256e9359a0829c63cf2e20a17838a0d30a61ce81,1,1,6.138333,5.219084
grouped-count-min-max,3,8.814166,17.502125,26.316291,83.448,4096,e3aec3706612f7c455fa955ab67bbf03d662048d4259b4d35a4e02ec6ba018b0,1,1,5.299875,3.514291
partitioned-join,3,18.10875,13.229958,31.338708,114.343,5000,4fd3e43ff9b1f55b66c475fb0812d7755c20f9714c8493a0a2461df54db90876,1,1,9.898625,8.210125
full-sort,4,9.114208,81.502084,90.616292,394.234,500000,326c8cd5e65bd77bc8a7437243f02e2309b03dd41d24b312f3b1efa781b29523,1,1,5.745458,3.36875
scan-filter-project,4,11.545084,16.251833,27.796917,92.505,5000,1b9e8a9719d1f242d0dae228256e9359a0829c63cf2e20a17838a0d30a61ce81,1,1,7.246917,4.298167
grouped-count-min-max,4,9.728292,18.151167,27.879459,118.16,4096,e3aec3706612f7c455fa955ab67bbf03d662048d4259b4d35a4e02ec6ba018b0,1,1,5.27775,4.450542
partitioned-join,4,18.411167,13.678166,32.089333,140.062,5000,4fd3e43ff9b1f55b66c475fb0812d7755c20f9714c8493a0a2461df54db90876,1,1,11.841333,6.569834
top-k,4,10.069875,13.242125,23.312,60.583,1000,6294ce5ea7d28dd38cc0dab6fe9bcf246c157844b3f3c60200a244285c0bbf9d,1,1,5.731584,4.338291
