elapsed_s,phase,rss_kib,native_temp_bytes,spark_temp_bytes
0.01998266600000001,startup,6960,0,0
0.131306916,startup,105696,0,0
0.239126916,startup,220192,0,0
0.34603150000000005,startup,255504,0,0
0.452803333,startup,285152,0,0
0.5642612499999999,startup,318032,0,0
0.6706878749999999,startup,351616,0,0
0.78198275,startup,357392,0,0
0.888824625,startup,364128,0,0
0.996379041,startup,404560,0,0
1.107481125,startup,414864,0,0
1.218519041,startup,423840,0,0
1.32572275,startup,433600,0,0
1.434249791,"top-k,-2",464832,0,0
1.5408704579999999,"top-k,-2",503760,0,0
1.650465541,"top-k,-2",511584,0,0
1.757494833,"top-k,-2",518688,0,0
1.8688672499999999,"top-k,-2",528736,0,0
1.981495291,"top-k,-2",539168,0,0
2.0880192080000004,"top-k,-2",560240,0,0
2.198129,"top-k,-2",592000,0,0
2.3086985,"top-k,-2",623360,0,0
2.4197160830000004,"top-k,-2",672032,0,0
2.526581916,"top-k,-2",678544,0,0
2.6344201660000004,"top-k,-2",685872,0,0
2.7458934580000003,"top-k,-2",693568,0,0
2.8564590410000004,"top-k,-2",700224,0,0
2.9648197080000003,"top-k,-2",707872,0,0
3.0766619580000003,"top-k,-2",709184,0,0
3.18576375,"top-k,-2",714848,0,0
3.293967041,"top-k,-2",735936,0,0
3.401996708,"top-k,-2",735936,0,0
3.510171166,"full-sort,-2",743216,0,0
3.622192666,"full-sort,-2",808832,0,0
3.734525833,idle,1090976,0,0
3.844736333,"scan-filter-project,-2",1097904,0,0
3.9573157910000005,"grouped-count-min-max,-2",1104064,0,0
4.068960333,"partitioned-join,-2",1143648,0,0
4.186037874999999,idle,1151584,0,0
4.298069083,"grouped-count-min-max,-1",1164384,0,0
4.410963,"scan-filter-project,0",1180672,0,0
4.520027916,"top-k,0",1189472,0,0
4.628890166,"full-sort,0",1206688,0,0
4.739968833,"partitioned-join,1",1210192,0,0
4.849314333,"full-sort,1",1218000,0,0
4.959230208,"partitioned-join,2",1233184,0,0
5.073772125,"full-sort,2",1288544,0,0
5.1882269579999996,"grouped-count-min-max,2",1485616,0,0
5.300574708,"full-sort,3",1553120,0,0
5.412668249999999,"scan-filter-project,3",1705104,0,0
5.52806675,"full-sort,4",1717296,0,0
5.655079541,"grouped-count-min-max,4",1733968,0,0
5.770210291,retained,1531216,0,0
5.884819791,retained,1531216,0,0
6.0038202499999995,retained,1531216,0,0
6.121596665999999,retained,1531216,0,0
6.240292208,retained,1531216,0,0
6.355808082999999,retained,1531216,0,0
6.47634175,retained,1531216,0,0
6.5925182499999995,retained,1531216,0,0
6.709292415999999,retained,1531216,0,0
6.8212410409999995,retained,1554128,0,0
6.932402958,retained,1553680,0,0
7.0434934579999995,retained,1553680,0,0
7.162351290999999,retained,1553680,0,0
