query,iteration,planning_ms,execution_ms,total_ms,cpu_ms,rows,sha256,local_nodes,comet_nodes,dataframe_ms,physical_planning_ms
top-k,-2,967.021917,1240.048167,2207.070084,4648.062,1000,6294ce5ea7d28dd38cc0dab6fe9bcf246c157844b3f3c60200a244285c0bbf9d,0,0,807.830292,159.191625
full-sort,-2,30.339875,448.289417,478.629292,3019.523,500000,326c8cd5e65bd77bc8a7437243f02e2309b03dd41d24b312f3b1efa781b29523,0,0,13.31875,17.021125
scan-filter-project,-2,39.561208,149.257792,188.819,1159.04,5000,1b9e8a9719d1f242d0dae228256e9359a0829c63cf2e20a17838a0d30a61ce81,0,0,21.541583,18.019625
grouped-count-min-max,-2,38.870542,269.242833,308.113375,1752.227,4096,e3aec3706612f7c455fa955ab67bbf03d662048d4259b4d35a4e02ec6ba018b0,0,0,22.595417,16.275125
partitioned-join,-2,51.025041,204.955292,255.980333,1455.415,5000,4fd3e43ff9b1f55b66c475fb0812d7755c20f9714c8493a0a2461df54db90876,0,0,23.959875,27.065166
full-sort,-1,12.542875,190.307208,202.850083,1297.074,500000,326c8cd5e65bd77bc8a7437243f02e2309b03dd41d24b312f3b1efa781b29523,0,0,8.824166,3.718709
scan-filter-project,-1,15.346709,60.387166,75.733875,404.873,5000,1b9e8a9719d1f242d0dae228256e9359a0829c63cf2e20a17838a0d30a61ce81,0,0,10.015125,5.331584
grouped-count-min-max,-1,10.457667,109.97125,120.428917,1022.773,4096,e3aec3706612f7c455fa955ab67bbf03d662048d4259b4d35a4e02ec6ba018b0,0,0,7.107042,3.350625
partitioned-join,-1,19.827208,95.8865,115.713708,544.002,5000,4fd3e43ff9b1f55b66c475fb0812d7755c20f9714c8493a0a2461df54db90876,0,0,12.054833,7.772375
top-k,-1,12.538792,49.034542,61.573334,364.134,1000,6294ce5ea7d28dd38cc0dab6fe9bcf246c157844b3f3c60200a244285c0bbf9d,0,0,9.033,3.505792
scan-filter-project,0,11.388166,26.749625,38.137791,199.611,5000,1b9e8a9719d1f242d0dae228256e9359a0829c63cf2e20a17838a0d30a61ce81,0,0,7.710291,3.677875
grouped-count-min-max,0,9.198,54.910666,64.108666,256.734,4096,e3aec3706612f7c455fa955ab67bbf03d662048d4259b4d35a4e02ec6ba018b0,0,0,6.414416,2.783584
partitioned-join,0,16.849333,93.568209,110.417542,545.748,5000,4fd3e43ff9b1f55b66c475fb0812d7755c20f9714c8493a0a2461df54db90876,0,0,11.04625,5.803083
top-k,0,10.009542,28.548833,38.558375,175.397,1000,6294ce5ea7d28dd38cc0dab6fe9bcf246c157844b3f3c60200a244285c0bbf9d,0,0,7.524167,2.485375
full-sort,0,10.208375,103.701125,113.9095,578.988,500000,326c8cd5e65bd77bc8a7437243f02e2309b03dd41d24b312f3b1efa781b29523,0,0,6.908458,3.299917
grouped-count-min-max,1,9.266541,53.175709,62.44225,246.753,4096,e3aec3706612f7c455fa955ab67bbf03d662048d4259b4d35a4e02ec6ba018b0,0,0,6.583625,2.682916
partitioned-join,1,17.088625,104.877541,121.966166,726.175,5000,4fd3e43ff9b1f55b66c475fb0812d7755c20f9714c8493a0a2461df54db90876,0,0,10.996458,6.092167
top-k,1,9.986875,25.459,35.445875,180.438,1000,6294ce5ea7d28dd38cc0dab6fe9bcf246c157844b3f3c60200a244285c0bbf9d,0,0,7.367791,2.619084
full-sort,1,9.439125,105.8995,115.338625,560.936,500000,326c8cd5e65bd77bc8a7437243f02e2309b03dd41d24b312f3b1efa781b29523,0,0,6.50025,2.938875
scan-filter-project,1,9.398666,23.841875,33.240541,128.743,5000,1b9e8a9719d1f242d0dae228256e9359a0829c63cf2e20a17838a0d30a61ce81,0,0,6.576583,2.822083
partitioned-join,2,13.455083,119.99025,133.445333,988.307,5000,4fd3e43ff9b1f55b66c475fb0812d7755c20f9714c8493a0a2461df54db90876,0,0,8.805083,4.65
top-k,2,9.271541,23.068417,32.339958,185.508,1000,6294ce5ea7d28dd38cc0dab6fe9bcf246c157844b3f3c60200a244285c0bbf9d,0,0,6.8805,2.391041
full-sort,2,8.312583,102.246542,110.559125,536.983,500000,326c8cd5e65bd77bc8a7437243f02e2309b03dd41d24b312f3b1efa781b29523,0,0,6.245708,2.066875
scan-filter-project,2,10.389958,22.741375,33.131333,114.949,5000,1b9e8a9719d1f242d0dae228256e9359a0829c63cf2e20a17838a0d30a61ce81,0,0,6.702625,3.687333
grouped-count-min-max,2,8.518875,68.988709,77.507584,472.528,4096,e3aec3706612f7c455fa955ab67bbf03d662048d4259b4d35a4e02ec6ba018b0,0,0,6.022834,2.496041
top-k,3,9.79475,24.427916,34.222666,132.561,1000,6294ce5ea7d28dd38cc0dab6fe9bcf246c157844b3f3c60200a244285c0bbf9d,0,0,6.864,2.93075
full-sort,3,9.1355,118.833875,127.969375,558.064,500000,326c8cd5e65bd77bc8a7437243f02e2309b03dd41d24b312f3b1efa781b29523,0,0,6.594041,2.541459
scan-filter-project,3,9.133125,21.813833,30.946958,91.177,5000,1b9e8a9719d1f242d0dae228256e9359a0829c63cf2e20a17838a0d30a61ce81,0,0,6.280583,2.852542
grouped-count-min-max,3,7.163708,65.608333,72.772041,570.422,4096,e3aec3706612f7c455fa955ab67bbf03d662048d4259b4d35a4e02ec6ba018b0,0,0,5.090416,2.073292
partitioned-join,3,13.676167,81.465625,95.141792,305.294,5000,4fd3e43ff9b1f55b66c475fb0812d7755c20f9714c8493a0a2461df54db90876,0,0,9.077417,4.59875
full-sort,4,8.784834,117.140166,125.925,617.916,500000,326c8cd5e65bd77bc8a7437243f02e2309b03dd41d24b312f3b1efa781b29523,0,0,6.219625,2.565209
scan-filter-project,4,10.052334,36.041541,46.093875,235.347,5000,1b9e8a9719d1f242d0dae228256e9359a0829c63cf2e20a17838a0d30a61ce81,0,0,7.089959,2.962375
grouped-count-min-max,4,10.788417,46.139083,56.9275,322.214,4096,e3aec3706612f7c455fa955ab67bbf03d662048d4259b4d35a4e02ec6ba018b0,0,0,8.233208,2.555209
partitioned-join,4,14.766708,75.570875,90.337583,412.192,5000,4fd3e43ff9b1f55b66c475fb0812d7755c20f9714c8493a0a2461df54db90876,0,0,10.221291,4.545417
top-k,4,7.294042,23.565083,30.859125,96.242,1000,6294ce5ea7d28dd38cc0dab6fe9bcf246c157844b3f3c60200a244285c0bbf9d,0,0,4.959083,2.334959
