elapsed_s,phase,rss_kib,native_temp_bytes,spark_temp_bytes
0.048885665999999994,startup,8000,0,0
0.158445041,startup,104400,0,0
0.273088333,startup,222240,0,0
0.38886395799999995,startup,255632,0,0
0.504578291,startup,277472,0,0
0.615962958,startup,332704,0,0
0.7296637499999999,startup,341632,0,0
0.847743958,startup,352832,0,0
0.9672305,startup,388560,0,0
1.0835355830000002,startup,414784,0,0
1.197331708,startup,425152,0,0
1.3179334159999998,startup,436112,0,0
1.4377748750000001,"top-k,-2",471392,0,0
1.5537717500000001,"top-k,-2",510560,0,0
1.670130291,"top-k,-2",516336,0,0
1.7884145829999998,"top-k,-2",525376,0,0
1.9055428330000002,"top-k,-2",534368,0,0
2.024481125,"top-k,-2",552720,0,0
2.1395795410000003,"top-k,-2",586816,0,0
2.257607375,"top-k,-2",620160,0,0
2.371740625,"top-k,-2",650032,0,0
2.488034625,"top-k,-2",656544,0,0
2.6051513330000002,"top-k,-2",663824,0,0
2.722670083,"top-k,-2",670608,0,0
2.8408349580000003,"top-k,-2",678256,0,0
2.959500541,"top-k,-2",685248,0,0
3.074656041,"top-k,-2",690928,0,0
3.194838625,"top-k,-2",691104,0,0
3.313056333,"top-k,-2",691104,0,0
3.43448325,"top-k,-2",691104,0,0
3.55247425,"top-k,-2",697616,0,0
3.6684342080000003,"top-k,-2",716672,0,0
3.787005791,"top-k,-2",716672,0,0
3.9040518750000004,"top-k,-2",717152,0,0
4.018427791,"top-k,-2",745088,0,30548
4.132828,"top-k,-2",776848,0,30548
4.249222791,"full-sort,-2",816640,0,30548
4.369087375,"full-sort,-2",909008,0,0
4.485702208,"full-sort,-2",1055712,0,40837924
4.6048475,"full-sort,-2",1123072,0,40837924
4.720892541,"full-sort,-2",1289072,0,40837924
4.842810916,"full-sort,-2",1554048,0,40837924
4.961401416,"full-sort,-2",1910304,0,40837924
5.084594125,"full-sort,-2",2092256,0,40837924
5.207401,idle,2258144,0,40837924
5.326569791,idle,2605728,0,40837924
5.448771375,idle,2608848,0,40837924
5.568344791,idle,2621264,0,40837924
5.687647458,"scan-filter-project,-2",2621488,0,40837924
5.807264375,"scan-filter-project,-2",2652736,0,40837924
5.929876375,"grouped-count-min-max,-2",2689072,0,40837924
6.0505742080000005,"partitioned-join,-2",2694496,0,41064859
6.171807416,"full-sort,-1",2720480,0,61573662
6.2965275,"full-sort,-1",2724096,0,0
6.414674375,"full-sort,-1",2589184,0,40838940
6.53862,"full-sort,-1",1577920,0,40838940
6.65749625,"full-sort,-1",1578768,0,40838940
6.781873541,"full-sort,-1",1944240,0,40838940
6.903337083,idle,2247984,0,40838940
7.023251291,idle,2505920,0,40838940
7.144266708,idle,2525360,0,40838940
7.265926208,idle,2525392,0,40838940
7.390338666,"scan-filter-project,-1",2558784,0,0
7.508396458,"partitioned-join,-1",2163648,0,226935
7.628533208,"top-k,-1",1516416,0,20962673
7.750535875,"grouped-count-min-max,0",1521696,0,0
7.869165083,"partitioned-join,0",1542704,0,6993123
7.985410957999999,"full-sort,0",1450416,0,20993221
8.097843208,"full-sort,0",1471408,0,15140328
8.219935666,"full-sort,0",1455680,0,40840255
8.346138791,"full-sort,0",1457776,0,40840255
8.473528083,"full-sort,0",1597408,0,40840255
8.59838775,idle,2039328,0,40840255
8.72447525,idle,2450000,0,40840255
8.849474916,idle,2513968,0,40840255
8.973292875,idle,2527136,0,40840255
9.09601225,idle,2527136,0,40840255
9.215517333,"partitioned-join,1",2530752,0,41484250
9.342169208,"top-k,1",2581456,0,72
9.471446083,"full-sort,1",2331744,0,0
9.596465708,"full-sort,1",1539264,0,40838654
9.725377666,"full-sort,1",1541664,0,40838654
9.845523583,"full-sort,1",1650496,0,40838654
9.972566125,"full-sort,1",2054400,0,40838654
10.09102575,idle,2530224,0,40838654
10.21546325,idle,2719296,0,40838654
10.339631333,idle,2719360,0,40838654
10.463340333,idle,2732400,0,40838654
10.587537916,idle,2735440,0,40838654
10.709403083,"top-k,2",2744352,0,61574392
10.830516333,"full-sort,2",2747392,0,0
10.956159666,"full-sort,2",2508512,0,40837927
11.079743041,"full-sort,2",1679712,0,40837927
11.202791875,"full-sort,2",1686320,0,40837927
11.334065916,"full-sort,2",2067312,0,40837927
11.460216541,idle,2421360,0,40837927
11.583064375,idle,2662944,0,40837927
11.707952666,idle,2663184,0,40837927
11.832790375,idle,2686400,0,40837927
11.9561,"scan-filter-project,2",2691168,0,0
12.081487041,retained,2294864,0,226935
12.207381333,retained,1712288,0,226935
12.338534583,retained,1712288,0,226935
12.472687083,retained,1712288,0,226935
12.606657666,retained,1712288,0,226935
12.740452083000001,retained,1712288,0,226935
12.874614666,retained,1712288,0,226935
13.004160416,retained,1712288,0,226935
13.133146125,retained,1710384,0,226935
13.255861958,retained,1690832,0,0
13.375037208,retained,1690832,0,0
13.499087083000001,retained,1690832,0,0
13.616440166,retained,0,0,0
