query,iteration,planning_ms,execution_ms,total_ms,cpu_ms,rows,sha256,local_nodes,comet_nodes,dataframe_ms,physical_planning_ms
top-k,-2,1329.806666,1436.377834,2766.1845,4954.705,1000,a61753475f1626e300b9cc33a7511ffde14988bdce607d87a239d87c323d88d3,0,4,739.8675,589.939166
full-sort,-2,36.303333,935.448084,971.751417,6518.608,5000000,a35a02cb1914ad7129114bf35866c36aabf04c456e6acc9e7f5b8a6148c546a7,0,5,15.392875,20.910458
scan-filter-project,-2,50.02575,99.543,149.56875,884.517,50000,132d4842fe598c56c831f05d014103e84ee78a3427f57dda1af7cf25bbb17586,0,4,27.534334,22.491416
grouped-count-min-max,-2,71.316541,90.182917,161.499458,542.581,4096,44d72945f720a18307528d13c03c4d57646dc7f17bb149f99144104ae2967cdf,0,5,19.73875,51.577791
partitioned-join,-2,48.614083,102.213375,150.827458,640.044,50000,7253672c069452fe8863156958af7ba048aab03bee91d9d84d95680b27110f6e,0,9,21.407292,27.206791
full-sort,-1,13.682625,648.959917,662.642542,3448.523,5000000,a35a02cb1914ad7129114bf35866c36aabf04c456e6acc9e7f5b8a6148c546a7,0,5,7.924375,5.75825
scan-filter-project,-1,16.472958,53.822917,70.295875,375.192,50000,132d4842fe598c56c831f05d014103e84ee78a3427f57dda1af7cf25bbb17586,0,4,9.329666,7.143292
grouped-count-min-max,-1,12.787041,62.671459,75.4585,323.617,4096,44d72945f720a18307528d13c03c4d57646dc7f17bb149f99144104ae2967cdf,0,5,6.934625,5.852416
partitioned-join,-1,19.9355,88.098541,108.034041,491.939,50000,7253672c069452fe8863156958af7ba048aab03bee91d9d84d95680b27110f6e,0,9,10.515125,9.420375
top-k,-1,12.937167,39.37425,52.311417,231.26,1000,a61753475f1626e300b9cc33a7511ffde14988bdce607d87a239d87c323d88d3,0,4,7.6255,5.311667
scan-filter-project,0,12.390584,47.923791,60.314375,244.314,50000,132d4842fe598c56c831f05d014103e84ee78a3427f57dda1af7cf25bbb17586,0,4,6.944959,5.445625
grouped-count-min-max,0,11.476209,64.750666,76.226875,346.86,4096,44d72945f720a18307528d13c03c4d57646dc7f17bb149f99144104ae2967cdf,0,5,6.4045,5.071709
partitioned-join,0,21.128916,84.179542,105.308458,497.717,50000,7253672c069452fe8863156958af7ba048aab03bee91d9d84d95680b27110f6e,0,9,13.414291,7.714625
top-k,0,10.691459,38.558416,49.249875,214.725,1000,a61753475f1626e300b9cc33a7511ffde14988bdce607d87a239d87c323d88d3,0,4,6.674709,4.01675
full-sort,0,12.18675,607.54875,619.7355,3274.37,5000000,a35a02cb1914ad7129114bf35866c36aabf04c456e6acc9e7f5b8a6148c546a7,0,5,7.402375,4.784375
grouped-count-min-max,1,11.602875,61.842458,73.445333,326.156,4096,44d72945f720a18307528d13c03c4d57646dc7f17bb149f99144104ae2967cdf,0,5,6.388,5.214875
partitioned-join,1,19.312542,90.676708,109.98925,555.951,50000,7253672c069452fe8863156958af7ba048aab03bee91d9d84d95680b27110f6e,0,9,11.882625,7.429917
top-k,1,10.880541,48.168,59.048541,399.842,1000,a61753475f1626e300b9cc33a7511ffde14988bdce607d87a239d87c323d88d3,0,4,6.944708,3.935833
full-sort,1,11.483,610.5925,622.0755,3460.507,5000000,a35a02cb1914ad7129114bf35866c36aabf04c456e6acc9e7f5b8a6148c546a7,0,5,5.515083,5.967917
scan-filter-project,1,12.815584,49.524916,62.3405,240.413,50000,132d4842fe598c56c831f05d014103e84ee78a3427f57dda1af7cf25bbb17586,0,4,7.09675,5.718834
partitioned-join,2,16.874541,85.030417,101.904958,440.163,50000,7253672c069452fe8863156958af7ba048aab03bee91d9d84d95680b27110f6e,0,9,9.976208,6.898333
top-k,2,11.545375,40.720708,52.266083,223.168,1000,a61753475f1626e300b9cc33a7511ffde14988bdce607d87a239d87c323d88d3,0,4,7.16125,4.384125
full-sort,2,8.890583,614.071542,622.962125,3114.233,5000000,a35a02cb1914ad7129114bf35866c36aabf04c456e6acc9e7f5b8a6148c546a7,0,5,5.358542,3.532041
scan-filter-project,2,12.484084,51.27575,63.759834,306.221,50000,132d4842fe598c56c831f05d014103e84ee78a3427f57dda1af7cf25bbb17586,0,4,7.737959,4.746125
grouped-count-min-max,2,10.11775,59.474708,69.592458,273.822,4096,44d72945f720a18307528d13c03c4d57646dc7f17bb149f99144104ae2967cdf,0,5,5.657292,4.460458
