elapsed_s,phase,rss_kib,native_temp_bytes,spark_temp_bytes
0.044970125,startup,7728,0,0
0.154712792,startup,109040,0,0
0.271215333,startup,227136,0,0
0.38990204199999995,startup,255808,0,0
0.501848917,startup,268928,0,0
0.6175626249999999,startup,301184,0,0
0.7341675830000001,startup,338736,0,0
0.8516792499999999,startup,346608,0,0
0.9677167499999999,startup,361600,0,0
1.083965417,startup,398592,0,0
1.197862042,startup,408320,0,0
1.3184479999999998,startup,418928,0,0
1.435619458,startup,446400,0,0
1.55318125,"top-k,-2",494160,0,0
1.6694248329999999,"top-k,-2",503040,0,0
1.785530833,"top-k,-2",514208,0,0
1.9044291669999998,"top-k,-2",526640,0,0
2.022604208,"top-k,-2",542864,0,0
2.137385375,"top-k,-2",578912,0,0
2.2539847920000002,"top-k,-2",615216,0,0
2.367706542,"top-k,-2",661328,0,0
2.4844858330000004,"top-k,-2",666768,0,0
2.602363,"top-k,-2",675008,0,0
2.720989458,"top-k,-2",682048,0,0
2.839007333,"top-k,-2",690176,0,0
2.955847292,"top-k,-2",698928,0,0
3.0703936250000003,"top-k,-2",701968,0,0
3.186822917,"top-k,-2",707248,0,0
3.296292708,"top-k,-2",734464,0,0
3.415340458,"top-k,-2",734464,0,0
3.532887167,"full-sort,-2",741840,0,0
3.649165958,"full-sort,-2",960208,0,0
3.767319375,"full-sort,-2",975040,0,0
3.8846611670000004,"full-sort,-2",1070448,0,0
4.000698958,"full-sort,-2",1156880,0,0
4.119546,"full-sort,-2",1373216,0,0
4.2413574579999995,"full-sort,-2",1736896,0,0
4.355676792,"full-sort,-2",1813664,0,0
4.4684555,idle,2030576,0,0
4.581586042,idle,2123376,0,0
4.69999275,idle,2123408,0,0
4.8134545829999995,idle,2123472,0,0
4.931728832999999,"scan-filter-project,-2",2123776,0,0
5.049914917,idle,2147216,0,0
5.167246333,"grouped-count-min-max,-2",1852656,0,0
5.284054958,"partitioned-join,-2",1472992,0,0
5.403619625,"full-sort,-1",1614208,0,0
5.522869667,"full-sort,-1",1615600,0,0
5.640224042,"full-sort,-1",1615920,0,0
5.7568646249999995,"full-sort,-1",1618416,0,0
5.875275958,"full-sort,-1",1658576,0,0
5.9887447499999995,"full-sort,-1",1863264,0,0
6.107029667,idle,2335376,0,0
6.224985542,idle,2594064,0,0
6.342123792,idle,2604224,0,0
6.459860458,idle,2604256,0,0
6.577401333,"scan-filter-project,-1",2618848,0,0
6.695259042,"grouped-count-min-max,-1",2621984,0,0
6.813915917,"top-k,-1",2629232,0,0
6.933757083,"grouped-count-min-max,0",2639040,0,0
7.052782457999999,"partitioned-join,0",2645872,0,0
7.172740291999999,"full-sort,0",2672800,0,0
7.289797167,"full-sort,0",2803648,0,0
7.412454958,"full-sort,0",2803664,0,0
7.534238917,"full-sort,0",2807344,0,0
7.653125999999999,"full-sort,0",2069360,0,0
7.773511833,"full-sort,0",2039088,0,0
7.8938331669999995,idle,2430928,0,0
8.032000417,idle,2748480,0,0
8.151544667000001,idle,2864896,0,0
8.274033750000001,idle,2864896,0,0
8.389328792,idle,2879616,0,0
8.507071042,"partitioned-join,1",2881504,0,0
8.625770167,"full-sort,1",2883568,0,0
8.742779458000001,"full-sort,1",2984672,0,0
8.861271042,"full-sort,1",1932320,0,0
8.981039125,"full-sort,1",1805856,0,0
9.094968083000001,"full-sort,1",1852752,0,0
9.210083917,"full-sort,1",1889152,0,0
9.321509417000001,"full-sort,1",2304656,0,0
9.438492208000001,idle,2695808,0,0
9.55865775,idle,2841248,0,0
9.676643208,idle,2893696,0,0
9.792806458000001,idle,2925488,0,0
9.913956792,"scan-filter-project,1",2928816,0,0
10.0364585,"top-k,2",2931712,0,0
10.158491750000001,"full-sort,2",3025824,0,0
10.276119458,"full-sort,2",3032064,0,0
10.392129375000001,"full-sort,2",2771808,0,0
10.507397625000001,"full-sort,2",1985088,0,0
10.627461208000001,"full-sort,2",1988816,0,0
10.7503185,"full-sort,2",2420256,0,0
10.875324958,idle,2826832,0,0
11.002595708000001,idle,2992928,0,0
11.123435500000001,idle,2992928,0,0
11.243039000000001,idle,3007152,0,0
11.364307833,"scan-filter-project,2",3008096,0,0
11.479156458,retained,3009184,0,0
11.59707025,retained,3009184,0,0
11.712658583000001,retained,3009184,0,0
11.829125125000001,retained,3009184,0,0
11.942774667,retained,3009184,0,0
12.056886375000001,retained,3009184,0,0
12.171745833000001,retained,3009184,0,0
12.280623667,retained,3009184,0,0
12.389751583,retained,3009184,0,0
12.502963000000001,retained,3007760,0,0
12.613924375,retained,2994352,0,0
12.7292825,retained,2994352,0,0
12.846182083,retained,2994352,0,0
12.957435917,retained,0,0,0
