query,iteration,planning_ms,execution_ms,total_ms,cpu_ms,rows,sha256,local_nodes,comet_nodes,dataframe_ms,physical_planning_ms
top-k,-2,1279.104167,794.5155,2073.619667,3322.202,1000,a61753475f1626e300b9cc33a7511ffde14988bdce607d87a239d87c323d88d3,1,1,727.519417,551.58475
full-sort,-2,32.603667,825.4445,858.048167,3433.85,5000000,a35a02cb1914ad7129114bf35866c36aabf04c456e6acc9e7f5b8a6148c546a7,1,1,13.510125,19.093542
scan-filter-project,-2,53.757417,100.821625,154.579042,894.257,50000,132d4842fe598c56c831f05d014103e84ee78a3427f57dda1af7cf25bbb17586,1,1,25.766792,27.990625
grouped-count-min-max,-2,76.64625,90.102,166.74825,567.045,4096,44d72945f720a18307528d13c03c4d57646dc7f17bb149f99144104ae2967cdf,1,1,23.718291,52.927959
partitioned-join,-2,58.062375,42.520958,100.583333,317.431,50000,7253672c069452fe8863156958af7ba048aab03bee91d9d84d95680b27110f6e,1,1,23.767958,34.294417
full-sort,-1,14.76575,710.211583,724.977333,2344.898,5000000,a35a02cb1914ad7129114bf35866c36aabf04c456e6acc9e7f5b8a6148c546a7,1,1,8.746458,6.019292
scan-filter-project,-1,18.050209,57.576291,75.6265,259.092,50000,132d4842fe598c56c831f05d014103e84ee78a3427f57dda1af7cf25bbb17586,1,1,10.522959,7.52725
grouped-count-min-max,-1,12.446542,72.528583,84.975125,311.836,4096,44d72945f720a18307528d13c03c4d57646dc7f17bb149f99144104ae2967cdf,1,1,7.720875,4.725667
partitioned-join,-1,23.122625,38.784791,61.907416,267.634,50000,7253672c069452fe8863156958af7ba048aab03bee91d9d84d95680b27110f6e,1,1,11.767666,11.354959
top-k,-1,13.828375,35.210167,49.038542,196.775,1000,a61753475f1626e300b9cc33a7511ffde14988bdce607d87a239d87c323d88d3,1,1,7.639292,6.189083
scan-filter-project,0,14.471542,49.862583,64.334125,313.628,50000,132d4842fe598c56c831f05d014103e84ee78a3427f57dda1af7cf25bbb17586,1,1,7.559375,6.912167
grouped-count-min-max,0,11.941958,70.972125,82.914083,369.486,4096,44d72945f720a18307528d13c03c4d57646dc7f17bb149f99144104ae2967cdf,1,1,7.526083,4.415875
partitioned-join,0,20.301584,39.738375,60.039959,213.885,50000,7253672c069452fe8863156958af7ba048aab03bee91d9d84d95680b27110f6e,1,1,11.793792,8.507792
top-k,0,12.89925,38.376458,51.275708,146.652,1000,a61753475f1626e300b9cc33a7511ffde14988bdce607d87a239d87c323d88d3,1,1,7.716083,5.183167
full-sort,0,11.884167,711.903333,723.7875,2498.875,5000000,a35a02cb1914ad7129114bf35866c36aabf04c456e6acc9e7f5b8a6148c546a7,1,1,6.677834,5.206333
grouped-count-min-max,1,12.138208,71.368917,83.507125,287.847,4096,44d72945f720a18307528d13c03c4d57646dc7f17bb149f99144104ae2967cdf,1,1,7.815375,4.322833
partitioned-join,1,20.075334,38.729791,58.805125,196.23,50000,7253672c069452fe8863156958af7ba048aab03bee91d9d84d95680b27110f6e,1,1,11.35825,8.717084
top-k,1,11.675167,35.4805,47.155667,152.546,1000,a61753475f1626e300b9cc33a7511ffde14988bdce607d87a239d87c323d88d3,1,1,7.515833,4.159334
full-sort,1,10.188791,729.579584,739.768375,2507.864,5000000,a35a02cb1914ad7129114bf35866c36aabf04c456e6acc9e7f5b8a6148c546a7,1,1,6.476291,3.7125
scan-filter-project,1,12.902292,51.633666,64.535958,248.42,50000,132d4842fe598c56c831f05d014103e84ee78a3427f57dda1af7cf25bbb17586,1,1,7.929042,4.97325
partitioned-join,2,19.654708,41.322167,60.976875,226.458,50000,7253672c069452fe8863156958af7ba048aab03bee91d9d84d95680b27110f6e,1,1,9.574625,10.080083
top-k,2,11.428709,36.136583,47.565292,161.831,1000,a61753475f1626e300b9cc33a7511ffde14988bdce607d87a239d87c323d88d3,1,1,6.718917,4.709792
full-sort,2,9.200208,712.895834,722.096042,2391.756,5000000,a35a02cb1914ad7129114bf35866c36aabf04c456e6acc9e7f5b8a6148c546a7,1,1,5.638375,3.561833
scan-filter-project,2,11.282792,52.140541,63.423333,243.442,50000,132d4842fe598c56c831f05d014103e84ee78a3427f57dda1af7cf25bbb17586,1,1,6.604,4.678792
grouped-count-min-max,2,10.922958,70.673625,81.596583,342.502,4096,44d72945f720a18307528d13c03c4d57646dc7f17bb149f99144104ae2967cdf,1,1,5.436458,5.4865
