elapsed_s,phase,rss_kib,native_temp_bytes,spark_temp_bytes
0.019613124999999995,startup,6528,0,0
0.12981870899999998,startup,112000,0,0
0.24072033400000004,startup,224400,0,0
0.35961525,startup,251696,0,0
0.47526425,startup,274288,0,0
0.59002775,startup,326944,0,0
0.7035874999999999,startup,334880,0,0
0.822053042,startup,345328,0,0
0.9377235,startup,386592,0,0
1.0528805840000002,startup,395392,0,0
1.163426375,startup,404848,0,0
1.2753644590000002,startup,425440,0,0
1.390473625,"top-k,-2",489072,0,0
1.504620375,"top-k,-2",497360,0,0
1.6203075420000002,"top-k,-2",507312,0,0
1.7374500000000002,"top-k,-2",519696,0,0
1.855745334,"top-k,-2",529136,0,0
1.9739183750000002,"top-k,-2",565008,0,0
2.089891417,"top-k,-2",603584,0,0
2.2064104170000003,"top-k,-2",653040,0,0
2.323112459,"top-k,-2",660704,0,0
2.438219209,"top-k,-2",668752,0,0
2.55527125,"top-k,-2",668752,0,0
2.671789292,"top-k,-2",673440,0,0
2.785520875,"top-k,-2",686592,0,0
2.901351834,"top-k,-2",710896,0,0
3.015200417,"top-k,-2",725376,0,0
3.135200625,"top-k,-2",740320,0,0
3.2517512920000002,"top-k,-2",740320,0,0
3.368957375,"top-k,-2",1033904,0,0
3.484313584,"full-sort,-2",1048560,0,0
3.603421125,"full-sort,-2",1087088,0,0
3.716537584,"full-sort,-2",1099888,0,2778955
3.840535542,"full-sort,-2",1102064,0,45080206
3.9770246250000003,"full-sort,-2",1147104,0,45471067
4.099871834,"full-sort,-2",1238176,0,45471067
4.21923925,"full-sort,-2",1293040,0,45471067
4.337689209,"full-sort,-2",1319488,0,45471067
4.452812834,"full-sort,-2",1353696,0,45471067
4.571636084,"full-sort,-2",1719856,0,45471067
4.692813459,"full-sort,-2",1894864,0,45471067
4.815419375,idle,2057616,0,45471067
4.9386899170000005,idle,2150880,0,45471067
5.055265,idle,2211712,0,45471067
5.1756892500000005,idle,2245344,0,45471067
5.297100459,"scan-filter-project,-2",2246208,0,45471067
5.42105125,"scan-filter-project,-2",2211744,0,0
5.540710125,idle,1446144,0,0
5.66221975,"grouped-count-min-max,-2",1449632,0,0
5.784967292,"grouped-count-min-max,-2",1456896,0,0
5.909514625,"partitioned-join,-2",1458992,0,229201
6.031185542,"partitioned-join,-2",1463728,0,859447
6.155072209,"partitioned-join,-2",1466832,0,27163848
6.277187792,"partitioned-join,-2",1467856,0,25594729
6.404901542,"full-sort,-1",1472320,0,0
6.527480125,"full-sort,-1",1473840,0,29960425
6.645065667,"full-sort,-1",1521984,0,45469742
6.769777459,"full-sort,-1",1572272,0,45469742
6.8944181250000005,"full-sort,-1",1597440,0,45469742
7.019638667,"full-sort,-1",1649088,0,45469742
7.1453395,"full-sort,-1",1954480,0,45469742
7.268832167,idle,2312528,0,45469742
7.396889709,idle,2568560,0,45469742
7.5195845,idle,2621808,0,45469742
7.641985125,idle,2621808,0,45469742
7.769877167,"scan-filter-project,-1",2692512,0,45469742
7.892422584,"grouped-count-min-max,-1",2697952,0,0
8.008721084,"grouped-count-min-max,-1",2066464,0,229201
8.129440167,"partitioned-join,-1",1921680,0,12968623
8.256734959,"partitioned-join,-1",1786624,0,25594729
8.37972275,"top-k,-1",1696736,0,25594729
8.507141875,"grouped-count-min-max,0",1699120,0,0
8.626327334,"partitioned-join,0",1709968,0,229201
8.742607625,"partitioned-join,0",1990144,0,20911732
8.866152125,"partitioned-join,0",1991360,0,25594729
8.985798042,"full-sort,0",1466576,0,0
9.114652,"full-sort,0",1381952,0,23298156
9.228275709,"full-sort,0",1405120,0,45472747
9.3493455,"full-sort,0",1455168,0,45472747
9.472511334,"full-sort,0",1458704,0,45472747
9.602411042,"full-sort,0",1663296,0,45472747
9.725692542,"full-sort,0",2095728,0,45472747
9.851344834,idle,2521920,0,45472747
9.974224834,idle,2672064,0,45472747
10.097482875,idle,2685040,0,45472747
10.221395584,idle,2685040,0,45472747
10.343438834,"grouped-count-min-max,1",2722816,0,0
10.460000709000001,"partitioned-join,1",2465072,0,6239791
10.572929167,"partitioned-join,1",2198240,0,25794791
10.695201542,"top-k,1",2068784,0,12907955
10.824005667,"full-sort,1",1484832,0,952735
10.946007959,"full-sort,1",1484896,0,38680421
11.075308875,"full-sort,1",1499056,0,45470437
11.200589084,"full-sort,1",1504704,0,45470437
11.325766959,"full-sort,1",1522768,0,45470437
11.450906125,"full-sort,1",1954304,0,45470437
11.574997209,idle,2412336,0,45470437
11.699264584,idle,2719776,0,45470437
11.824133542,idle,2735712,0,45470437
11.9544965,idle,2749008,0,45470437
12.075907167,"scan-filter-project,1",2749360,0,45470437
12.195481834,"partitioned-join,2",2627312,0,4910288
12.312430584,"partitioned-join,2",1796160,0,25594729
12.440806917,"top-k,2",1798288,0,12573402
12.562722125,"full-sort,2",1798992,0,4406028
12.685414,"full-sort,2",1799312,0,37026133
12.817198917,"full-sort,2",1725008,0,45467024
12.943570084,"full-sort,2",1731600,0,45467024
13.0631295,"full-sort,2",1731696,0,45467024
13.189930375,"full-sort,2",2017312,0,45467024
13.318046959,"full-sort,2",2248112,0,45467024
13.442473584,idle,2519264,0,45467024
13.560878584,idle,2568896,0,45467024
13.679058834,idle,2568896,0,45467024
13.802039542,idle,2581216,0,45467024
13.928293709,"grouped-count-min-max,2",2588336,0,0
14.050659125,retained,1981664,0,229201
14.173164292000001,retained,1617536,0,229201
14.300765334,retained,1617536,0,229201
14.435809709,retained,1617536,0,229201
14.570803542,retained,1617536,0,229201
14.705536209,retained,1617536,0,229201
14.835096792,retained,1617536,0,229201
14.965608,retained,1617536,0,229201
15.0864105,retained,1615296,0,114242
