query,iteration,planning_ms,execution_ms,total_ms,cpu_ms,rows,sha256,local_nodes,comet_nodes,dataframe_ms,physical_planning_ms
top-k,-2,863.949625,1245.766875,2109.7165,4538.934,1000,a61753475f1626e300b9cc33a7511ffde14988bdce607d87a239d87c323d88d3,0,0,716.471542,147.478083
full-sort,-2,27.736375,1287.532625,1315.269,8087.685,5000000,a35a02cb1914ad7129114bf35866c36aabf04c456e6acc9e7f5b8a6148c546a7,0,0,12.984541,14.751834
scan-filter-project,-2,36.368042,246.913625,283.281667,1521.709,50000,132d4842fe598c56c831f05d014103e84ee78a3427f57dda1af7cf25bbb17586,0,0,22.331375,14.036667
grouped-count-min-max,-2,36.460041,303.17375,339.633791,1687.825,4096,44d72945f720a18307528d13c03c4d57646dc7f17bb149f99144104ae2967cdf,0,0,21.09525,15.364791
partitioned-join,-2,40.191834,376.272375,416.464209,2083.994,50000,7253672c069452fe8863156958af7ba048aab03bee91d9d84d95680b27110f6e,0,0,19.403042,20.788792
full-sort,-1,12.351,895.199125,907.550125,4479.656,5000000,a35a02cb1914ad7129114bf35866c36aabf04c456e6acc9e7f5b8a6148c546a7,0,0,8.816333,3.534667
scan-filter-project,-1,13.400125,111.275125,124.67525,656.783,50000,132d4842fe598c56c831f05d014103e84ee78a3427f57dda1af7cf25bbb17586,0,0,9.276542,4.123583
grouped-count-min-max,-1,9.386792,144.865042,154.251834,768.973,4096,44d72945f720a18307528d13c03c4d57646dc7f17bb149f99144104ae2967cdf,0,0,6.345417,3.041375
partitioned-join,-1,17.294458,260.427334,277.721792,1197.655,50000,7253672c069452fe8863156958af7ba048aab03bee91d9d84d95680b27110f6e,0,0,10.73425,6.560208
top-k,-1,10.461708,83.514584,93.976292,499.723,1000,a61753475f1626e300b9cc33a7511ffde14988bdce607d87a239d87c323d88d3,0,0,7.531292,2.930416
scan-filter-project,0,10.127584,57.343333,67.470917,291.233,50000,132d4842fe598c56c831f05d014103e84ee78a3427f57dda1af7cf25bbb17586,0,0,7.08,3.047584
grouped-count-min-max,0,8.896209,126.422666,135.318875,726.38,4096,44d72945f720a18307528d13c03c4d57646dc7f17bb149f99144104ae2967cdf,0,0,6.540209,2.356
partitioned-join,0,16.822791,246.698167,263.520958,1236.179,50000,7253672c069452fe8863156958af7ba048aab03bee91d9d84d95680b27110f6e,0,0,11.138458,5.684333
top-k,0,9.34425,57.238791,66.583041,343.575,1000,a61753475f1626e300b9cc33a7511ffde14988bdce607d87a239d87c323d88d3,0,0,6.812875,2.531375
full-sort,0,12.2295,765.918583,778.148083,3676.773,5000000,a35a02cb1914ad7129114bf35866c36aabf04c456e6acc9e7f5b8a6148c546a7,0,0,9.254958,2.974542
grouped-count-min-max,1,7.501708,115.322042,122.82375,597.554,4096,44d72945f720a18307528d13c03c4d57646dc7f17bb149f99144104ae2967cdf,0,0,5.458333,2.043375
partitioned-join,1,14.259084,257.699416,271.9585,1053.853,50000,7253672c069452fe8863156958af7ba048aab03bee91d9d84d95680b27110f6e,0,0,9.848042,4.411042
top-k,1,8.464875,55.309584,63.774459,296.879,1000,a61753475f1626e300b9cc33a7511ffde14988bdce607d87a239d87c323d88d3,0,0,6.363042,2.101833
full-sort,1,11.080875,773.344917,784.425792,3588.69,5000000,a35a02cb1914ad7129114bf35866c36aabf04c456e6acc9e7f5b8a6148c546a7,0,0,6.116042,4.964833
scan-filter-project,1,8.796167,59.956416,68.752583,322.225,50000,132d4842fe598c56c831f05d014103e84ee78a3427f57dda1af7cf25bbb17586,0,0,6.30525,2.490917
partitioned-join,2,12.654958,254.864917,267.519875,1041.405,50000,7253672c069452fe8863156958af7ba048aab03bee91d9d84d95680b27110f6e,0,0,8.815458,3.8395
top-k,2,7.903125,58.477833,66.380958,353.587,1000,a61753475f1626e300b9cc33a7511ffde14988bdce607d87a239d87c323d88d3,0,0,5.83525,2.067875
full-sort,2,7.21175,873.805875,881.017625,4546.431,5000000,a35a02cb1914ad7129114bf35866c36aabf04c456e6acc9e7f5b8a6148c546a7,0,0,5.363917,1.847833
scan-filter-project,2,9.382667,59.780666,69.163333,354.819,50000,132d4842fe598c56c831f05d014103e84ee78a3427f57dda1af7cf25bbb17586,0,0,6.772208,2.610459
grouped-count-min-max,2,7.471833,126.964292,134.436125,601.2,4096,44d72945f720a18307528d13c03c4d57646dc7f17bb149f99144104ae2967cdf,0,0,5.153166,2.318667
