elapsed_s,phase,rss_kib,native_temp_bytes,spark_temp_bytes
0.020150083999999985,startup,7200,0,0
0.13014541699999999,startup,105344,0,0
0.241894334,startup,210016,0,0
0.348602042,startup,248448,0,0
0.45474570899999994,startup,265776,0,0
0.5610727090000001,startup,298448,0,0
0.672254959,startup,332592,0,0
0.782967625,startup,338368,0,0
0.8945450419999998,startup,347792,0,0
1.004426,startup,387696,0,0
1.1155668749999998,startup,397840,0,0
1.2236814169999999,startup,406816,0,0
1.334961084,startup,415968,0,0
1.4464930839999999,"top-k,-2",452496,0,0
1.5580302499999998,"top-k,-2",489232,0,0
1.666612875,"top-k,-2",496560,0,0
1.7766685839999998,"top-k,-2",505600,0,0
1.884579084,"top-k,-2",516112,0,0
1.9923560420000002,"top-k,-2",524288,0,0
2.100957459,"top-k,-2",554176,0,0
2.2103486670000003,"top-k,-2",584160,0,0
2.3217119590000004,"top-k,-2",618112,0,0
2.4283551670000003,"top-k,-2",659520,0,0
2.5351614170000003,"top-k,-2",666768,0,0
2.6466601670000003,"top-k,-2",673328,0,0
2.7558654170000003,"top-k,-2",680512,0,0
2.866422875,"top-k,-2",687232,0,0
2.9744159590000003,"top-k,-2",693632,0,0
3.0860879590000003,"top-k,-2",700464,0,0
3.1921540840000002,"top-k,-2",701728,0,0
3.300885042,"top-k,-2",711168,0,0
3.4120700840000002,"top-k,-2",726576,0,0
3.522158209,"top-k,-2",728384,0,0
3.6325951250000004,"top-k,-2",749136,0,33415
3.745293459,"full-sort,-2",773904,0,33415
3.8552044590000003,"full-sort,-2",886800,0,0
3.9657345420000003,"full-sort,-2",996448,0,4087946
4.079485334,"scan-filter-project,-2",1111008,0,4087946
4.193231459,"grouped-count-min-max,-2",1118672,0,4087946
4.3069032499999995,"grouped-count-min-max,-2",1175632,0,4326959
4.423393249999999,"partitioned-join,-2",1241024,0,2322573
4.536649334,"full-sort,-1",1254752,0,3139108
4.649901042,idle,1270560,0,4329070
4.762436709,"grouped-count-min-max,-1",1279392,0,0
4.878214459,"top-k,-1",1285232,0,2322573
4.995485167,"grouped-count-min-max,0",1287728,0,2595001
5.114987333999999,"top-k,0",1299568,0,33415
5.232098959,"full-sort,0",1302992,0,4088928
5.347963334,"partitioned-join,1",1304576,0,239013
5.463687417,"full-sort,1",1308112,0,2355988
5.582288708999999,idle,1309600,0,4328948
5.694910542,"top-k,2",1312224,0,2083560
5.809654584,"full-sort,2",1315872,0,6205867
5.928474167,"grouped-count-min-max,2",1317472,0,6290234
6.046227167,"full-sort,3",1319936,0,10294778
6.1618840839999995,"scan-filter-project,3",1323856,0,4088911
6.277541459,"full-sort,4",1346496,0,6411484
6.395725542,idle,1604960,0,10501710
6.509263959,"grouped-count-min-max,4",1673376,0,10740723
6.629762334,"top-k,4",1809184,0,6205886
6.7464555,retained,1809200,0,6205886
6.861021834,retained,1809200,0,6205886
6.976860084,retained,1809200,0,6205886
7.0982573339999995,retained,1809200,0,6205886
7.214427833999999,retained,1809200,0,6205886
7.336273542,retained,1809120,0,6205886
7.456303375,retained,1809120,0,6205886
7.569476709,retained,1809120,0,6205886
7.685896584,retained,1807120,0,3576892
7.7992290419999994,retained,1787632,0,0
7.910474542,retained,1787632,0,0
8.021750667000001,retained,1787632,0,0
8.132369417000001,retained,0,0,0
