query,iteration,planning_ms,execution_ms,total_ms,cpu_ms,rows,sha256,local_nodes,comet_nodes,dataframe_ms,physical_planning_ms
top-k,-2,1313.626709,971.074833,2284.701542,4457.535,1000,6294ce5ea7d28dd38cc0dab6fe9bcf246c157844b3f3c60200a244285c0bbf9d,0,4,796.960209,516.6665
full-sort,-2,35.498875,250.697333,286.196208,2100.724,500000,326c8cd5e65bd77bc8a7437243f02e2309b03dd41d24b312f3b1efa781b29523,0,5,14.35075,21.148125
scan-filter-project,-2,55.737917,61.743625,117.481542,667.117,5000,1b9e8a9719d1f242d0dae228256e9359a0829c63cf2e20a17838a0d30a61ce81,0,4,28.198084,27.539833
grouped-count-min-max,-2,71.238084,89.555291,160.793375,929.85,4096,e3aec3706612f7c455fa955ab67bbf03d662048d4259b4d35a4e02ec6ba018b0,0,5,26.423125,44.814959
partitioned-join,-2,55.453708,60.889917,116.343625,705.186,5000,4fd3e43ff9b1f55b66c475fb0812d7755c20f9714c8493a0a2461df54db90876,0,9,22.281833,33.171875
full-sort,-1,17.218417,143.916625,161.135042,933.468,500000,326c8cd5e65bd77bc8a7437243f02e2309b03dd41d24b312f3b1efa781b29523,0,5,9.642667,7.57575
scan-filter-project,-1,21.64925,37.997375,59.646625,440.364,5000,1b9e8a9719d1f242d0dae228256e9359a0829c63cf2e20a17838a0d30a61ce81,0,4,12.324042,9.325208
grouped-count-min-max,-1,25.048792,50.718458,75.76725,592.323,4096,e3aec3706612f7c455fa955ab67bbf03d662048d4259b4d35a4e02ec6ba018b0,0,5,17.519375,7.529417
partitioned-join,-1,25.974458,45.265833,71.240291,386.614,5000,4fd3e43ff9b1f55b66c475fb0812d7755c20f9714c8493a0a2461df54db90876,0,9,13.259208,12.71525
top-k,-1,15.225,28.229917,43.454917,211.473,1000,6294ce5ea7d28dd38cc0dab6fe9bcf246c157844b3f3c60200a244285c0bbf9d,0,4,9.041917,6.183083
scan-filter-project,0,15.447458,21.351583,36.799041,125.977,5000,1b9e8a9719d1f242d0dae228256e9359a0829c63cf2e20a17838a0d30a61ce81,0,4,8.345375,7.102083
grouped-count-min-max,0,14.203834,35.181,49.384834,223.455,4096,e3aec3706612f7c455fa955ab67bbf03d662048d4259b4d35a4e02ec6ba018b0,0,5,6.899125,7.304709
partitioned-join,0,19.994459,48.742291,68.73675,371.214,5000,4fd3e43ff9b1f55b66c475fb0812d7755c20f9714c8493a0a2461df54db90876,0,9,11.295709,8.69875
top-k,0,13.703,31.06975,44.77275,192.669,1000,6294ce5ea7d28dd38cc0dab6fe9bcf246c157844b3f3c60200a244285c0bbf9d,0,4,8.961583,4.741417
full-sort,0,12.875708,100.703,113.578708,555.834,500000,326c8cd5e65bd77bc8a7437243f02e2309b03dd41d24b312f3b1efa781b29523,0,5,7.358083,5.517625
grouped-count-min-max,1,12.636375,49.960334,62.596709,445.47,4096,e3aec3706612f7c455fa955ab67bbf03d662048d4259b4d35a4e02ec6ba018b0,0,5,6.906125,5.73025
partitioned-join,1,23.782125,37.398667,61.180792,338.267,5000,4fd3e43ff9b1f55b66c475fb0812d7755c20f9714c8493a0a2461df54db90876,0,9,14.135125,9.647
top-k,1,12.10175,25.478292,37.580042,194.7,1000,6294ce5ea7d28dd38cc0dab6fe9bcf246c157844b3f3c60200a244285c0bbf9d,0,4,7.383333,4.718417
full-sort,1,12.032083,88.541042,100.573125,444.373,500000,326c8cd5e65bd77bc8a7437243f02e2309b03dd41d24b312f3b1efa781b29523,0,5,6.589458,5.442625
scan-filter-project,1,13.518667,17.319292,30.837959,122.121,5000,1b9e8a9719d1f242d0dae228256e9359a0829c63cf2e20a17838a0d30a61ce81,0,4,6.862667,6.656
partitioned-join,2,18.135709,48.496333,66.632042,436.258,5000,4fd3e43ff9b1f55b66c475fb0812d7755c20f9714c8493a0a2461df54db90876,0,9,10.417209,7.7185
top-k,2,12.991042,26.8865,39.877542,241.656,1000,6294ce5ea7d28dd38cc0dab6fe9bcf246c157844b3f3c60200a244285c0bbf9d,0,4,7.970459,5.020583
full-sort,2,10.411959,90.159708,100.571667,526.481,500000,326c8cd5e65bd77bc8a7437243f02e2309b03dd41d24b312f3b1efa781b29523,0,5,6.403334,4.008625
scan-filter-project,2,11.156542,17.23225,28.388792,98.507,5000,1b9e8a9719d1f242d0dae228256e9359a0829c63cf2e20a17838a0d30a61ce81,0,4,6.84375,4.312792
grouped-count-min-max,2,10.229459,28.899458,39.128917,158.993,4096,e3aec3706612f7c455fa955ab67bbf03d662048d4259b4d35a4e02ec6ba018b0,0,5,5.888375,4.341084
top-k,3,11.557875,29.20225,40.760125,260.913,1000,6294ce5ea7d28dd38cc0dab6fe9bcf246c157844b3f3c60200a244285c0bbf9d,0,4,7.410666,4.147209
full-sort,3,12.150042,87.038916,99.188958,516.177,500000,326c8cd5e65bd77bc8a7437243f02e2309b03dd41d24b312f3b1efa781b29523,0,5,7.241542,4.9085
scan-filter-project,3,12.121042,16.550458,28.6715,105.423,5000,1b9e8a9719d1f242d0dae228256e9359a0829c63cf2e20a17838a0d30a61ce81,0,4,6.6295,5.491542
grouped-count-min-max,3,9.755041,27.873834,37.628875,194.224,4096,e3aec3706612f7c455fa955ab67bbf03d662048d4259b4d35a4e02ec6ba018b0,0,5,5.232625,4.522416
partitioned-join,3,17.944875,36.117792,54.062667,273.689,5000,4fd3e43ff9b1f55b66c475fb0812d7755c20f9714c8493a0a2461df54db90876,0,9,10.524125,7.42075
full-sort,4,10.611583,85.968625,96.580208,473.498,500000,326c8cd5e65bd77bc8a7437243f02e2309b03dd41d24b312f3b1efa781b29523,0,5,6.517166,4.094417
scan-filter-project,4,12.293791,16.5755,28.869291,89.233,5000,1b9e8a9719d1f242d0dae228256e9359a0829c63cf2e20a17838a0d30a61ce81,0,4,7.302208,4.991583
grouped-count-min-max,4,10.694,40.664292,51.358292,207.395,4096,e3aec3706612f7c455fa955ab67bbf03d662048d4259b4d35a4e02ec6ba018b0,0,5,5.855542,4.838458
partitioned-join,4,17.277958,62.138917,79.416875,492.574,5000,4fd3e43ff9b1f55b66c475fb0812d7755c20f9714c8493a0a2461df54db90876,0,9,11.335583,5.942375
top-k,4,9.787541,26.499667,36.287208,179.674,1000,6294ce5ea7d28dd38cc0dab6fe9bcf246c157844b3f3c60200a244285c0bbf9d,0,4,6.108458,3.679083
