elapsed_s,phase,rss_kib,native_temp_bytes,spark_temp_bytes
0.020614542,startup,7248,0,0
0.132088417,startup,105344,0,0
0.243454834,startup,212496,0,0
0.35505379200000003,startup,251904,0,0
0.461496584,startup,281424,0,0
0.571537542,startup,315904,0,0
0.679407334,startup,348304,0,0
0.790800834,startup,354208,0,0
0.902049042,startup,363424,0,0
1.009815875,startup,403536,0,0
1.116930167,startup,411664,0,0
1.228321584,startup,420768,0,0
1.339549417,startup,430416,0,0
1.448693875,"top-k,-2",461168,0,0
1.556553834,"top-k,-2",502928,0,0
1.669023042,"top-k,-2",510544,0,0
1.780221542,"top-k,-2",517984,0,0
1.8916973750000001,"top-k,-2",526880,0,0
2.003441334,"top-k,-2",537664,0,0
2.114762667,"top-k,-2",559312,0,0
2.2263269169999997,"top-k,-2",589888,0,0
2.336909125,"top-k,-2",621328,0,0
2.444743792,"top-k,-2",669568,0,0
2.555456584,"top-k,-2",675904,0,0
2.665692625,"top-k,-2",683600,0,0
2.776587,"top-k,-2",691168,0,0
2.886328375,"top-k,-2",697792,0,0
2.995115625,"top-k,-2",705712,0,0
3.106744209,"top-k,-2",706080,0,0
3.213310917,"top-k,-2",711456,0,0
3.323134542,"top-k,-2",731984,0,0
3.429965625,"top-k,-2",731984,0,0
3.540947084,"full-sort,-2",738928,0,0
3.648230625,"full-sort,-2",784656,0,0
3.75954425,idle,1079328,0,0
3.872040667,"scan-filter-project,-2",1094944,0,0
3.9836852090000003,"grouped-count-min-max,-2",1106448,0,0
4.094202375,"partitioned-join,-2",1144896,0,0
4.2067907920000005,"full-sort,-1",1159232,0,0
4.317923875,"scan-filter-project,-1",1169760,0,0
4.4326321250000005,"top-k,-1",1180304,0,0
4.544983667,"partitioned-join,0",1194128,0,0
4.659274084000001,"full-sort,0",1211456,0,0
4.773596875,"partitioned-join,1",1215344,0,0
4.886716000000001,"full-sort,1",1231920,0,0
4.998135417,"scan-filter-project,1",1240272,0,0
5.1154632090000005,"full-sort,2",1276768,0,0
5.231293042000001,"scan-filter-project,2",1489536,0,0
5.349342292,"full-sort,3",1548608,0,0
5.459116417000001,idle,1727600,0,0
5.572948042,"full-sort,4",1729696,0,0
5.686178209,"scan-filter-project,4",1745696,0,0
5.796494334,retained,1751472,0,0
5.909838125,retained,1751472,0,0
6.022011584,retained,1751472,0,0
6.133110917000001,retained,1751472,0,0
6.25414425,retained,1751472,0,0
6.365884542000001,retained,1751472,0,0
6.483092417000001,retained,1751472,0,0
6.5992683340000005,retained,1751472,0,0
6.716434125,retained,1751472,0,0
6.851451334,retained,1752416,0,0
6.961462375,retained,1735712,0,0
7.069558875,retained,1735712,0,0
7.177659625,retained,1735712,0,0
7.288910959000001,retained,0,0,0
