query,iteration,planning_ms,execution_ms,total_ms,cpu_ms,rows,sha256,local_nodes,comet_nodes,dataframe_ms,physical_planning_ms
top-k,-2,1316.952667,778.218125,2095.170792,3544.203,1000,6294ce5ea7d28dd38cc0dab6fe9bcf246c157844b3f3c60200a244285c0bbf9d,1,1,811.602667,505.35
full-sort,-2,31.999459,151.014833,183.014292,901.067,500000,326c8cd5e65bd77bc8a7437243f02e2309b03dd41d24b312f3b1efa781b29523,1,1,13.93375,18.065709
scan-filter-project,-2,56.605208,61.276042,117.88125,645.253,5000,1b9e8a9719d1f242d0dae228256e9359a0829c63cf2e20a17838a0d30a61ce81,1,1,29.293375,27.311833
grouped-count-min-max,-2,72.617666,50.351959,122.969625,518.586,4096,e3aec3706612f7c455fa955ab67bbf03d662048d4259b4d35a4e02ec6ba018b0,1,1,27.770083,44.847583
partitioned-join,-2,62.305208,20.013,82.318208,291.349,5000,4fd3e43ff9b1f55b66c475fb0812d7755c20f9714c8493a0a2461df54db90876,1,1,25.834416,36.470792
full-sort,-1,15.234083,74.69725,89.931333,274.103,500000,326c8cd5e65bd77bc8a7437243f02e2309b03dd41d24b312f3b1efa781b29523,1,1,8.593833,6.64025
scan-filter-project,-1,22.376417,30.604542,52.980959,297.78,5000,1b9e8a9719d1f242d0dae228256e9359a0829c63cf2e20a17838a0d30a61ce81,1,1,12.504167,9.87225
grouped-count-min-max,-1,15.778583,22.19975,37.978333,226.47,4096,e3aec3706612f7c455fa955ab67bbf03d662048d4259b4d35a4e02ec6ba018b0,1,1,8.747708,7.030875
partitioned-join,-1,26.617125,17.394958,44.012083,204.749,5000,4fd3e43ff9b1f55b66c475fb0812d7755c20f9714c8493a0a2461df54db90876,1,1,13.399541,13.217584
top-k,-1,18.599583,17.569125,36.168708,209.814,1000,6294ce5ea7d28dd38cc0dab6fe9bcf246c157844b3f3c60200a244285c0bbf9d,1,1,8.970625,9.628958
scan-filter-project,0,16.492958,18.792084,35.285042,191.447,5000,1b9e8a9719d1f242d0dae228256e9359a0829c63cf2e20a17838a0d30a61ce81,1,1,9.225792,7.267166
grouped-count-min-max,0,12.8845,21.764042,34.648542,165.36,4096,e3aec3706612f7c455fa955ab67bbf03d662048d4259b4d35a4e02ec6ba018b0,1,1,7.565167,5.319333
partitioned-join,0,21.959792,16.564875,38.524667,151.25,5000,4fd3e43ff9b1f55b66c475fb0812d7755c20f9714c8493a0a2461df54db90876,1,1,11.346583,10.613209
top-k,0,12.745583,15.147042,27.892625,91.364,1000,6294ce5ea7d28dd38cc0dab6fe9bcf246c157844b3f3c60200a244285c0bbf9d,1,1,8.222708,4.522875
full-sort,0,13.128208,68.338583,81.466791,398.202,500000,326c8cd5e65bd77bc8a7437243f02e2309b03dd41d24b312f3b1efa781b29523,1,1,7.192041,5.936167
grouped-count-min-max,1,11.731167,20.218416,31.949583,102.61,4096,e3aec3706612f7c455fa955ab67bbf03d662048d4259b4d35a4e02ec6ba018b0,1,1,7.197833,4.533334
partitioned-join,1,20.663375,14.449,35.112375,108.171,5000,4fd3e43ff9b1f55b66c475fb0812d7755c20f9714c8493a0a2461df54db90876,1,1,10.676,9.987375
top-k,1,12.239417,15.326,27.565417,125.755,1000,6294ce5ea7d28dd38cc0dab6fe9bcf246c157844b3f3c60200a244285c0bbf9d,1,1,7.637375,4.602042
full-sort,1,18.770208,69.946,88.716208,534.434,500000,326c8cd5e65bd77bc8a7437243f02e2309b03dd41d24b312f3b1efa781b29523,1,1,7.837875,10.932333
scan-filter-project,1,13.068458,21.320375,34.388833,136.737,5000,1b9e8a9719d1f242d0dae228256e9359a0829c63cf2e20a17838a0d30a61ce81,1,1,7.451583,5.616875
partitioned-join,2,17.994291,15.535959,33.53025,130.478,5000,4fd3e43ff9b1f55b66c475fb0812d7755c20f9714c8493a0a2461df54db90876,1,1,9.973083,8.021208
top-k,2,11.911333,16.088375,27.999708,110.979,1000,6294ce5ea7d28dd38cc0dab6fe9bcf246c157844b3f3c60200a244285c0bbf9d,1,1,6.848291,5.063042
full-sort,2,10.37525,70.503833,80.879083,178.843,500000,326c8cd5e65bd77bc8a7437243f02e2309b03dd41d24b312f3b1efa781b29523,1,1,6.964083,3.411167
scan-filter-project,2,13.931,17.84975,31.78075,120.343,5000,1b9e8a9719d1f242d0dae228256e9359a0829c63cf2e20a17838a0d30a61ce81,1,1,7.363917,6.567083
grouped-count-min-max,2,10.544042,18.746583,29.290625,100.543,4096,e3aec3706612f7c455fa955ab67bbf03d662048d4259b4d35a4e02ec6ba018b0,1,1,6.253292,4.29075
top-k,3,12.317959,16.729666,29.047625,134.903,1000,6294ce5ea7d28dd38cc0dab6fe9bcf246c157844b3f3c60200a244285c0bbf9d,1,1,6.732667,5.585292
full-sort,3,11.117792,69.580042,80.697834,165.101,500000,326c8cd5e65bd77bc8a7437243f02e2309b03dd41d24b312f3b1efa781b29523,1,1,6.797542,4.32025
scan-filter-project,3,11.449208,15.953125,27.402333,69.248,5000,1b9e8a9719d1f242d0dae228256e9359a0829c63cf2e20a17838a0d30a61ce81,1,1,6.135125,5.314083
grouped-count-min-max,3,8.58775,17.784334,26.372084,78.749,4096,e3aec3706612f7c455fa955ab67bbf03d662048d4259b4d35a4e02ec6ba018b0,1,1,4.981584,3.606166
partitioned-join,3,17.063875,13.492958,30.556833,99.992,5000,4fd3e43ff9b1f55b66c475fb0812d7755c20f9714c8493a0a2461df54db90876,1,1,8.95825,8.105625
full-sort,4,9.649875,76.026959,85.676834,399.688,500000,326c8cd5e65bd77bc8a7437243f02e2309b03dd41d24b312f3b1efa781b29523,1,1,6.189042,3.460833
scan-filter-project,4,12.100125,16.220334,28.320459,82.633,5000,1b9e8a9719d1f242d0dae228256e9359a0829c63cf2e20a17838a0d30a61ce81,1,1,7.342459,4.757666
grouped-count-min-max,4,9.263125,18.474,27.737125,116.293,4096,e3aec3706612f7c455fa955ab67bbf03d662048d4259b4d35a4e02ec6ba018b0,1,1,5.416583,3.846542
partitioned-join,4,16.669625,12.368583,29.038208,79.487,5000,4fd3e43ff9b1f55b66c475fb0812d7755c20f9714c8493a0a2461df54db90876,1,1,9.684167,6.985458
top-k,4,9.293417,13.121667,22.415084,56.875,1000,6294ce5ea7d28dd38cc0dab6fe9bcf246c157844b3f3c60200a244285c0bbf9d,1,1,5.498292,3.795125
