query,iteration,planning_ms,execution_ms,total_ms,cpu_ms,rows,sha256,local_nodes,comet_nodes,dataframe_ms,physical_planning_ms
top-k,-2,979.077292,1253.001875,2232.079167,4530.971,1000,6294ce5ea7d28dd38cc0dab6fe9bcf246c157844b3f3c60200a244285c0bbf9d,0,0,810.862,168.215292
full-sort,-2,27.662875,490.4775,518.140375,3218.441,500000,326c8cd5e65bd77bc8a7437243f02e2309b03dd41d24b312f3b1efa781b29523,0,0,11.792542,15.870333
scan-filter-project,-2,41.477584,151.115083,192.592667,1188.052,5000,1b9e8a9719d1f242d0dae228256e9359a0829c63cf2e20a17838a0d30a61ce81,0,0,21.099042,20.378542
grouped-count-min-max,-2,41.38475,264.152375,305.537125,1837.466,4096,e3aec3706612f7c455fa955ab67bbf03d662048d4259b4d35a4e02ec6ba018b0,0,0,23.591458,17.793292
partitioned-join,-2,51.672666,181.245292,232.917958,1366.443,5000,4fd3e43ff9b1f55b66c475fb0812d7755c20f9714c8493a0a2461df54db90876,0,0,24.470791,27.201875
full-sort,-1,12.989959,188.423083,201.413042,1283.16,500000,326c8cd5e65bd77bc8a7437243f02e2309b03dd41d24b312f3b1efa781b29523,0,0,8.652375,4.337584
scan-filter-project,-1,16.30625,72.552958,88.859208,549.933,5000,1b9e8a9719d1f242d0dae228256e9359a0829c63cf2e20a17838a0d30a61ce81,0,0,10.890458,5.415792
grouped-count-min-max,-1,11.095708,93.221542,104.31725,843.44,4096,e3aec3706612f7c455fa955ab67bbf03d662048d4259b4d35a4e02ec6ba018b0,0,0,7.243125,3.852583
partitioned-join,-1,20.638875,96.209958,116.848833,625.757,5000,4fd3e43ff9b1f55b66c475fb0812d7755c20f9714c8493a0a2461df54db90876,0,0,12.411458,8.227417
top-k,-1,14.349167,45.929625,60.278792,317.047,1000,6294ce5ea7d28dd38cc0dab6fe9bcf246c157844b3f3c60200a244285c0bbf9d,0,0,10.920292,3.428875
scan-filter-project,0,11.4895,26.899583,38.389083,186.102,5000,1b9e8a9719d1f242d0dae228256e9359a0829c63cf2e20a17838a0d30a61ce81,0,0,7.6285,3.861
grouped-count-min-max,0,9.442542,53.848042,63.290584,287.061,4096,e3aec3706612f7c455fa955ab67bbf03d662048d4259b4d35a4e02ec6ba018b0,0,0,7.107417,2.335125
partitioned-join,0,16.707458,86.103292,102.81075,509.989,5000,4fd3e43ff9b1f55b66c475fb0812d7755c20f9714c8493a0a2461df54db90876,0,0,10.838083,5.869375
top-k,0,11.099333,25.480334,36.579667,186.66,1000,6294ce5ea7d28dd38cc0dab6fe9bcf246c157844b3f3c60200a244285c0bbf9d,0,0,8.882833,2.2165
full-sort,0,9.864333,110.508167,120.3725,559.409,500000,326c8cd5e65bd77bc8a7437243f02e2309b03dd41d24b312f3b1efa781b29523,0,0,6.533417,3.330916
grouped-count-min-max,1,9.372917,75.320833,84.69375,511.348,4096,e3aec3706612f7c455fa955ab67bbf03d662048d4259b4d35a4e02ec6ba018b0,0,0,6.586875,2.786042
partitioned-join,1,16.08025,109.081459,125.161709,536.851,5000,4fd3e43ff9b1f55b66c475fb0812d7755c20f9714c8493a0a2461df54db90876,0,0,10.247667,5.832583
top-k,1,15.482708,26.165459,41.648167,288.689,1000,6294ce5ea7d28dd38cc0dab6fe9bcf246c157844b3f3c60200a244285c0bbf9d,0,0,12.802,2.680708
full-sort,1,10.051083,109.836917,119.888,606.633,500000,326c8cd5e65bd77bc8a7437243f02e2309b03dd41d24b312f3b1efa781b29523,0,0,6.77325,3.277833
scan-filter-project,1,9.215417,23.463958,32.679375,120.751,5000,1b9e8a9719d1f242d0dae228256e9359a0829c63cf2e20a17838a0d30a61ce81,0,0,6.384083,2.831334
partitioned-join,2,12.906292,76.941333,89.847625,411.212,5000,4fd3e43ff9b1f55b66c475fb0812d7755c20f9714c8493a0a2461df54db90876,0,0,8.727375,4.178917
top-k,2,9.678584,32.292,41.970584,252.131,1000,6294ce5ea7d28dd38cc0dab6fe9bcf246c157844b3f3c60200a244285c0bbf9d,0,0,7.102125,2.576459
full-sort,2,8.656334,106.256708,114.913042,508.628,500000,326c8cd5e65bd77bc8a7437243f02e2309b03dd41d24b312f3b1efa781b29523,0,0,6.327,2.329334
scan-filter-project,2,10.834792,52.088417,62.923209,400.884,5000,1b9e8a9719d1f242d0dae228256e9359a0829c63cf2e20a17838a0d30a61ce81,0,0,7.334,3.500792
grouped-count-min-max,2,11.945875,47.670958,59.616833,355.514,4096,e3aec3706612f7c455fa955ab67bbf03d662048d4259b4d35a4e02ec6ba018b0,0,0,9.607625,2.33825
top-k,3,8.983375,49.458625,58.442,197.276,1000,6294ce5ea7d28dd38cc0dab6fe9bcf246c157844b3f3c60200a244285c0bbf9d,0,0,6.668333,2.315042
full-sort,3,9.850875,151.92775,161.778625,524.622,500000,326c8cd5e65bd77bc8a7437243f02e2309b03dd41d24b312f3b1efa781b29523,0,0,7.235708,2.615167
scan-filter-project,3,9.207542,21.622708,30.83025,91.214,5000,1b9e8a9719d1f242d0dae228256e9359a0829c63cf2e20a17838a0d30a61ce81,0,0,6.310917,2.896625
grouped-count-min-max,3,7.140667,54.08625,61.226917,345.8,4096,e3aec3706612f7c455fa955ab67bbf03d662048d4259b4d35a4e02ec6ba018b0,0,0,4.732042,2.408625
partitioned-join,3,12.973375,85.645958,98.619333,367.55,5000,4fd3e43ff9b1f55b66c475fb0812d7755c20f9714c8493a0a2461df54db90876,0,0,8.49475,4.478625
full-sort,4,6.818875,104.700125,111.519,481.593,500000,326c8cd5e65bd77bc8a7437243f02e2309b03dd41d24b312f3b1efa781b29523,0,0,4.955792,1.863083
scan-filter-project,4,9.497333,21.187334,30.684667,91.457,5000,1b9e8a9719d1f242d0dae228256e9359a0829c63cf2e20a17838a0d30a61ce81,0,0,7.009667,2.487666
grouped-count-min-max,4,7.309541,42.278584,49.588125,206.951,4096,e3aec3706612f7c455fa955ab67bbf03d662048d4259b4d35a4e02ec6ba018b0,0,0,5.0465,2.263041
partitioned-join,4,12.414583,85.572375,97.986958,559.366,5000,4fd3e43ff9b1f55b66c475fb0812d7755c20f9714c8493a0a2461df54db90876,0,0,8.343917,4.070666
top-k,4,7.947833,22.76425,30.712083,106.282,1000,6294ce5ea7d28dd38cc0dab6fe9bcf246c157844b3f3c60200a244285c0bbf9d,0,0,5.492458,2.455375
