elapsed_s,phase,rss_kib,native_temp_bytes,spark_temp_bytes
0.019255083000000006,startup,6896,0,0
0.128792958,startup,109056,0,0
0.249381458,startup,222112,0,0
0.369990958,startup,256704,0,0
0.485738583,startup,282672,0,0
0.603245333,startup,339280,0,0
0.7260178749999999,startup,348672,0,0
0.8501545829999999,startup,362672,0,0
0.968553625,startup,402960,0,0
1.07968975,startup,411408,0,0
1.198251333,startup,421680,0,0
1.31553025,startup,446784,0,0
1.432060375,"top-k,-2",501424,0,0
1.554152791,"top-k,-2",512624,0,0
1.67913575,"top-k,-2",524784,0,0
1.804145833,"top-k,-2",537696,0,0
1.926229416,"top-k,-2",557168,0,0
2.044757083,"top-k,-2",597504,0,0
2.1620092079999997,"top-k,-2",598384,0,0
2.277520375,"top-k,-2",612144,0,0
2.401462375,"top-k,-2",664896,0,0
2.527080916,"top-k,-2",700240,0,0
2.649435666,"top-k,-2",708240,0,0
2.769228875,"top-k,-2",719584,0,0
2.893765916,"top-k,-2",726672,0,0
3.018240125,"top-k,-2",734896,0,0
3.139329916,"top-k,-2",743168,0,0
3.254546833,"top-k,-2",751072,0,0
3.371553541,"top-k,-2",774688,0,0
3.497095583,"top-k,-2",774688,0,0
3.610757875,"top-k,-2",783456,0,0
3.7244569579999998,"top-k,-2",809536,0,33415
3.848697875,"full-sort,-2",881488,0,33415
3.9725659579999997,"full-sort,-2",963632,0,0
4.098992083,idle,1120928,0,4089873
4.2198213749999995,"scan-filter-project,-2",1197808,0,4089873
4.339591916,"grouped-count-min-max,-2",1207680,0,4089873
4.480165916,"grouped-count-min-max,-2",1287104,0,4328886
4.6081245,"partitioned-join,-2",1302864,0,4328886
4.734145291,"full-sort,-1",1316128,0,6412446
4.86277325,"scan-filter-project,-1",1336464,0,8418657
4.992908791,"grouped-count-min-max,-1",1343360,0,4446596
5.117219291,"partitioned-join,-1",1361024,0,1239808
5.233491958,"scan-filter-project,0",1362656,0,2595001
5.362293833,"partitioned-join,0",1366688,0,2834014
5.493999958,"top-k,0",1374896,0,2355988
5.614837333,idle,1378976,0,4328861
5.734763666,"partitioned-join,1",1380080,0,4567874
5.854139666,"partitioned-join,1",1381216,0,2322573
5.970895708,"full-sort,1",1383488,0,2355988
6.101531,"scan-filter-project,1",1436608,0,6412993
6.224776125,"partitioned-join,2",1438912,0,0
6.349882125,"full-sort,2",1441920,0,2116975
6.478104833,idle,1443888,0,4088569
6.607071291,"top-k,3",1445408,0,4327582
6.731178958,"full-sort,3",1447200,0,4327740
6.8562446249999995,"scan-filter-project,3",1450192,0,239013
6.985200208,"partitioned-join,3",1480080,0,478026
7.117361958,"full-sort,4",1608112,0,2897413
7.247785625,idle,1784368,0,6083562
7.372421208,"partitioned-join,4",1788208,0,4567045
7.486865458,"top-k,4",1795680,0,6411592
7.6116023329999996,retained,1796544,0,4361447
7.743923958,retained,1796544,0,4361447
7.875486333,retained,1796544,0,4361447
8.019170958,retained,1796544,0,4361447
8.159990041,retained,1796544,0,4361447
8.302501958,retained,1796544,0,4361447
8.439886958,retained,1796544,0,4361447
8.579370791,retained,1794464,0,4361447
8.70465075,retained,1774944,0,0
8.833016958,retained,1774944,0,0
8.952668708000001,retained,1774944,0,0
9.070578500000002,retained,1774944,0,0
