query,iteration,planning_ms,execution_ms,total_ms,cpu_ms,rows,sha256,local_nodes,comet_nodes
top-k,-2,1741.127625,663.836125,2404.96375,4364.611,1000,6294ce5ea7d28dd38cc0dab6fe9bcf246c157844b3f3c60200a244285c0bbf9d,0,4
full-sort,-2,69.357417,281.056833,350.41425,2060.308,500000,326c8cd5e65bd77bc8a7437243f02e2309b03dd41d24b312f3b1efa781b29523,0,5
scan-filter-project,-2,84.219125,53.87425,138.093375,587.259,5000,1b9e8a9719d1f242d0dae228256e9359a0829c63cf2e20a17838a0d30a61ce81,0,4
grouped-count-min-max,-2,110.567042,82.553791,193.120833,993.925,4096,e3aec3706612f7c455fa955ab67bbf03d662048d4259b4d35a4e02ec6ba018b0,0,5
partitioned-join,-2,110.463208,48.165084,158.628292,734.691,5000,4fd3e43ff9b1f55b66c475fb0812d7755c20f9714c8493a0a2461df54db90876,0,9
full-sort,-1,38.863292,124.882958,163.74625,945.144,500000,326c8cd5e65bd77bc8a7437243f02e2309b03dd41d24b312f3b1efa781b29523,0,5
scan-filter-project,-1,42.965667,20.091667,63.057334,217.907,5000,1b9e8a9719d1f242d0dae228256e9359a0829c63cf2e20a17838a0d30a61ce81,0,4
grouped-count-min-max,-1,51.662417,46.855166,98.517583,650.373,4096,e3aec3706612f7c455fa955ab67bbf03d662048d4259b4d35a4e02ec6ba018b0,0,5
partitioned-join,-1,80.452792,39.009041,119.461833,640.339,5000,4fd3e43ff9b1f55b66c475fb0812d7755c20f9714c8493a0a2461df54db90876,0,9
top-k,-1,34.801625,24.660666,59.462291,214.684,1000,6294ce5ea7d28dd38cc0dab6fe9bcf246c157844b3f3c60200a244285c0bbf9d,0,4
scan-filter-project,0,43.118167,15.825916,58.944083,154.712,5000,1b9e8a9719d1f242d0dae228256e9359a0829c63cf2e20a17838a0d30a61ce81,0,4
grouped-count-min-max,0,32.593709,31.5595,64.153209,243.65,4096,e3aec3706612f7c455fa955ab67bbf03d662048d4259b4d35a4e02ec6ba018b0,0,5
partitioned-join,0,68.391833,37.080792,105.472625,445.377,5000,4fd3e43ff9b1f55b66c475fb0812d7755c20f9714c8493a0a2461df54db90876,0,9
top-k,0,31.970291,24.117209,56.0875,151.744,1000,6294ce5ea7d28dd38cc0dab6fe9bcf246c157844b3f3c60200a244285c0bbf9d,0,4
full-sort,0,33.810791,77.773292,111.584083,463.944,500000,326c8cd5e65bd77bc8a7437243f02e2309b03dd41d24b312f3b1efa781b29523,0,5
grouped-count-min-max,1,33.0815,30.546584,63.628084,200.503,4096,e3aec3706612f7c455fa955ab67bbf03d662048d4259b4d35a4e02ec6ba018b0,0,5
partitioned-join,1,86.50825,50.94675,137.455,512.407,5000,4fd3e43ff9b1f55b66c475fb0812d7755c20f9714c8493a0a2461df54db90876,0,9
top-k,1,50.651583,22.699875,73.351458,192.629,1000,6294ce5ea7d28dd38cc0dab6fe9bcf246c157844b3f3c60200a244285c0bbf9d,0,4
full-sort,1,34.28575,90.574,124.85975,598.535,500000,326c8cd5e65bd77bc8a7437243f02e2309b03dd41d24b312f3b1efa781b29523,0,5
scan-filter-project,1,63.524791,15.945834,79.470625,555.755,5000,1b9e8a9719d1f242d0dae228256e9359a0829c63cf2e20a17838a0d30a61ce81,0,4
partitioned-join,2,60.304,32.547792,92.851792,295.894,5000,4fd3e43ff9b1f55b66c475fb0812d7755c20f9714c8493a0a2461df54db90876,0,9
top-k,2,31.881584,22.748666,54.63025,194.782,1000,6294ce5ea7d28dd38cc0dab6fe9bcf246c157844b3f3c60200a244285c0bbf9d,0,4
full-sort,2,39.217791,75.019875,114.237666,401.379,500000,326c8cd5e65bd77bc8a7437243f02e2309b03dd41d24b312f3b1efa781b29523,0,5
scan-filter-project,2,32.027,15.372,47.399,110.601,5000,1b9e8a9719d1f242d0dae228256e9359a0829c63cf2e20a17838a0d30a61ce81,0,4
grouped-count-min-max,2,29.628458,43.638875,73.267333,381.473,4096,e3aec3706612f7c455fa955ab67bbf03d662048d4259b4d35a4e02ec6ba018b0,0,5
top-k,3,32.810167,22.674541,55.484708,211.193,1000,6294ce5ea7d28dd38cc0dab6fe9bcf246c157844b3f3c60200a244285c0bbf9d,0,4
full-sort,3,36.021208,82.788208,118.809416,609.53,500000,326c8cd5e65bd77bc8a7437243f02e2309b03dd41d24b312f3b1efa781b29523,0,5
scan-filter-project,3,47.220667,20.299208,67.519875,427.612,5000,1b9e8a9719d1f242d0dae228256e9359a0829c63cf2e20a17838a0d30a61ce81,0,4
grouped-count-min-max,3,30.482416,24.646459,55.128875,171.647,4096,e3aec3706612f7c455fa955ab67bbf03d662048d4259b4d35a4e02ec6ba018b0,0,5
partitioned-join,3,76.463917,35.608125,112.072042,277.369,5000,4fd3e43ff9b1f55b66c475fb0812d7755c20f9714c8493a0a2461df54db90876,0,9
full-sort,4,32.311625,87.94225,120.253875,389.998,500000,326c8cd5e65bd77bc8a7437243f02e2309b03dd41d24b312f3b1efa781b29523,0,5
scan-filter-project,4,35.557042,14.205208,49.76225,169.978,5000,1b9e8a9719d1f242d0dae228256e9359a0829c63cf2e20a17838a0d30a61ce81,0,4
grouped-count-min-max,4,30.527375,27.420416,57.947791,221.398,4096,e3aec3706612f7c455fa955ab67bbf03d662048d4259b4d35a4e02ec6ba018b0,0,5
partitioned-join,4,60.494125,40.6205,101.114625,390.702,5000,4fd3e43ff9b1f55b66c475fb0812d7755c20f9714c8493a0a2461df54db90876,0,9
top-k,4,33.033959,23.003916,56.037875,203.409,1000,6294ce5ea7d28dd38cc0dab6fe9bcf246c157844b3f3c60200a244285c0bbf9d,0,4
