query,iteration,planning_ms,execution_ms,total_ms,cpu_ms,rows,sha256,local_nodes,comet_nodes
top-k,-2,1736.872833,449.455667,2186.3285,3773.412,1000,6294ce5ea7d28dd38cc0dab6fe9bcf246c157844b3f3c60200a244285c0bbf9d,1,1
full-sort,-2,68.57225,123.714667,192.286917,715.082,500000,326c8cd5e65bd77bc8a7437243f02e2309b03dd41d24b312f3b1efa781b29523,1,1
scan-filter-project,-2,79.088375,52.002834,131.091209,614.504,5000,1b9e8a9719d1f242d0dae228256e9359a0829c63cf2e20a17838a0d30a61ce81,1,1
grouped-count-min-max,-2,115.468709,33.903166,149.371875,423.975,4096,e3aec3706612f7c455fa955ab67bbf03d662048d4259b4d35a4e02ec6ba018b0,1,1
partitioned-join,-2,111.843708,16.984292,128.828,373.323,5000,4fd3e43ff9b1f55b66c475fb0812d7755c20f9714c8493a0a2461df54db90876,1,1
full-sort,-1,39.010833,85.787208,124.798041,615.931,500000,326c8cd5e65bd77bc8a7437243f02e2309b03dd41d24b312f3b1efa781b29523,1,1
scan-filter-project,-1,43.726916,17.559834,61.28675,171.944,5000,1b9e8a9719d1f242d0dae228256e9359a0829c63cf2e20a17838a0d30a61ce81,1,1
grouped-count-min-max,-1,58.983084,19.570291,78.553375,281.897,4096,e3aec3706612f7c455fa955ab67bbf03d662048d4259b4d35a4e02ec6ba018b0,1,1
partitioned-join,-1,194.262542,19.045083,213.307625,597.242,5000,4fd3e43ff9b1f55b66c475fb0812d7755c20f9714c8493a0a2461df54db90876,1,1
top-k,-1,67.676625,16.162416,83.839041,305.756,1000,6294ce5ea7d28dd38cc0dab6fe9bcf246c157844b3f3c60200a244285c0bbf9d,1,1
scan-filter-project,0,40.090958,16.866125,56.957083,246.123,5000,1b9e8a9719d1f242d0dae228256e9359a0829c63cf2e20a17838a0d30a61ce81,1,1
grouped-count-min-max,0,53.595042,19.338041,72.933083,273.369,4096,e3aec3706612f7c455fa955ab67bbf03d662048d4259b4d35a4e02ec6ba018b0,1,1
partitioned-join,0,140.11875,12.632125,152.750875,270.595,5000,4fd3e43ff9b1f55b66c475fb0812d7755c20f9714c8493a0a2461df54db90876,1,1
top-k,0,44.688708,13.122833,57.811541,146.516,1000,6294ce5ea7d28dd38cc0dab6fe9bcf246c157844b3f3c60200a244285c0bbf9d,1,1
full-sort,0,67.07725,64.776167,131.853417,315.817,500000,326c8cd5e65bd77bc8a7437243f02e2309b03dd41d24b312f3b1efa781b29523,1,1
grouped-count-min-max,1,34.224042,16.382083,50.606125,117.234,4096,e3aec3706612f7c455fa955ab67bbf03d662048d4259b4d35a4e02ec6ba018b0,1,1
partitioned-join,1,78.16375,12.854333,91.018083,164.009,5000,4fd3e43ff9b1f55b66c475fb0812d7755c20f9714c8493a0a2461df54db90876,1,1
top-k,1,39.869167,12.97725,52.846417,103.04,1000,6294ce5ea7d28dd38cc0dab6fe9bcf246c157844b3f3c60200a244285c0bbf9d,1,1
full-sort,1,58.693458,67.322875,126.016333,405.938,500000,326c8cd5e65bd77bc8a7437243f02e2309b03dd41d24b312f3b1efa781b29523,1,1
scan-filter-project,1,41.825958,14.167708,55.993666,126.518,5000,1b9e8a9719d1f242d0dae228256e9359a0829c63cf2e20a17838a0d30a61ce81,1,1
partitioned-join,2,103.270292,12.644792,115.915084,522.46,5000,4fd3e43ff9b1f55b66c475fb0812d7755c20f9714c8493a0a2461df54db90876,1,1
top-k,2,176.617917,11.7445,188.362417,303.496,1000,6294ce5ea7d28dd38cc0dab6fe9bcf246c157844b3f3c60200a244285c0bbf9d,1,1
full-sort,2,30.199125,65.400458,95.599583,195.849,500000,326c8cd5e65bd77bc8a7437243f02e2309b03dd41d24b312f3b1efa781b29523,1,1
scan-filter-project,2,49.976208,15.199583,65.175791,129.074,5000,1b9e8a9719d1f242d0dae228256e9359a0829c63cf2e20a17838a0d30a61ce81,1,1
grouped-count-min-max,2,55.191208,16.27725,71.468458,123.855,4096,e3aec3706612f7c455fa955ab67bbf03d662048d4259b4d35a4e02ec6ba018b0,1,1
top-k,3,33.402625,12.180584,45.583209,105.523,1000,6294ce5ea7d28dd38cc0dab6fe9bcf246c157844b3f3c60200a244285c0bbf9d,1,1
full-sort,3,36.938167,80.1275,117.065667,549.752,500000,326c8cd5e65bd77bc8a7437243f02e2309b03dd41d24b312f3b1efa781b29523,1,1
scan-filter-project,3,49.07425,16.794375,65.868625,352.546,5000,1b9e8a9719d1f242d0dae228256e9359a0829c63cf2e20a17838a0d30a61ce81,1,1
grouped-count-min-max,3,104.806,15.661333,120.467333,231.441,4096,e3aec3706612f7c455fa955ab67bbf03d662048d4259b4d35a4e02ec6ba018b0,1,1
partitioned-join,3,125.703583,12.545417,138.249,249.659,5000,4fd3e43ff9b1f55b66c475fb0812d7755c20f9714c8493a0a2461df54db90876,1,1
full-sort,4,63.492458,67.574709,131.067167,372.3,500000,326c8cd5e65bd77bc8a7437243f02e2309b03dd41d24b312f3b1efa781b29523,1,1
scan-filter-project,4,93.182458,14.36525,107.547708,184.396,5000,1b9e8a9719d1f242d0dae228256e9359a0829c63cf2e20a17838a0d30a61ce81,1,1
grouped-count-min-max,4,39.778458,16.557125,56.335583,147.83,4096,e3aec3706612f7c455fa955ab67bbf03d662048d4259b4d35a4e02ec6ba018b0,1,1
partitioned-join,4,67.079792,15.298375,82.378167,268.775,5000,4fd3e43ff9b1f55b66c475fb0812d7755c20f9714c8493a0a2461df54db90876,1,1
top-k,4,36.180417,12.3995,48.579917,200.175,1000,6294ce5ea7d28dd38cc0dab6fe9bcf246c157844b3f3c60200a244285c0bbf9d,1,1
