query,iteration,planning_ms,execution_ms,total_ms,cpu_ms,rows,sha256,local_nodes,comet_nodes
top-k,-2,1789.559292,669.65825,2459.217542,3876.078,1000,6294ce5ea7d28dd38cc0dab6fe9bcf246c157844b3f3c60200a244285c0bbf9d,0,0
full-sort,-2,61.802458,661.1765,722.978958,3066.064,500000,326c8cd5e65bd77bc8a7437243f02e2309b03dd41d24b312f3b1efa781b29523,0,0
scan-filter-project,-2,99.292792,203.622541,302.915333,1107.313,5000,1b9e8a9719d1f242d0dae228256e9359a0829c63cf2e20a17838a0d30a61ce81,0,0
grouped-count-min-max,-2,58.073958,352.403917,410.477875,1641.949,4096,e3aec3706612f7c455fa955ab67bbf03d662048d4259b4d35a4e02ec6ba018b0,0,0
partitioned-join,-2,138.853417,293.2845,432.137917,1420.039,5000,4fd3e43ff9b1f55b66c475fb0812d7755c20f9714c8493a0a2461df54db90876,0,0
full-sort,-1,36.006167,204.221875,240.228042,993.472,500000,326c8cd5e65bd77bc8a7437243f02e2309b03dd41d24b312f3b1efa781b29523,0,0
scan-filter-project,-1,47.525542,54.805667,102.331209,485.86,5000,1b9e8a9719d1f242d0dae228256e9359a0829c63cf2e20a17838a0d30a61ce81,0,0
grouped-count-min-max,-1,46.404333,109.245375,155.649708,769.944,4096,e3aec3706612f7c455fa955ab67bbf03d662048d4259b4d35a4e02ec6ba018b0,0,0
partitioned-join,-1,177.783834,86.351916,264.13575,722.671,5000,4fd3e43ff9b1f55b66c475fb0812d7755c20f9714c8493a0a2461df54db90876,0,0
top-k,-1,105.281084,48.3445,153.625584,457.644,1000,6294ce5ea7d28dd38cc0dab6fe9bcf246c157844b3f3c60200a244285c0bbf9d,0,0
scan-filter-project,0,77.591125,22.367917,99.959042,273.729,5000,1b9e8a9719d1f242d0dae228256e9359a0829c63cf2e20a17838a0d30a61ce81,0,0
grouped-count-min-max,0,30.632667,49.397792,80.030459,272.49,4096,e3aec3706612f7c455fa955ab67bbf03d662048d4259b4d35a4e02ec6ba018b0,0,0
partitioned-join,0,67.07075,69.574292,136.645042,453.569,5000,4fd3e43ff9b1f55b66c475fb0812d7755c20f9714c8493a0a2461df54db90876,0,0
top-k,0,30.741666,22.373834,53.1155,151.145,1000,6294ce5ea7d28dd38cc0dab6fe9bcf246c157844b3f3c60200a244285c0bbf9d,0,0
full-sort,0,33.299334,111.036416,144.33575,550.341,500000,326c8cd5e65bd77bc8a7437243f02e2309b03dd41d24b312f3b1efa781b29523,0,0
grouped-count-min-max,1,40.120083,62.059209,102.179292,433.698,4096,e3aec3706612f7c455fa955ab67bbf03d662048d4259b4d35a4e02ec6ba018b0,0,0
partitioned-join,1,57.326791,78.799125,136.125916,560.151,5000,4fd3e43ff9b1f55b66c475fb0812d7755c20f9714c8493a0a2461df54db90876,0,0
top-k,1,30.823958,32.727625,63.551583,180.239,1000,6294ce5ea7d28dd38cc0dab6fe9bcf246c157844b3f3c60200a244285c0bbf9d,0,0
full-sort,1,36.114583,113.66425,149.778833,516.617,500000,326c8cd5e65bd77bc8a7437243f02e2309b03dd41d24b312f3b1efa781b29523,0,0
scan-filter-project,1,31.703292,21.266292,52.969584,138.486,5000,1b9e8a9719d1f242d0dae228256e9359a0829c63cf2e20a17838a0d30a61ce81,0,0
partitioned-join,2,64.274959,100.951041,165.226,957.114,5000,4fd3e43ff9b1f55b66c475fb0812d7755c20f9714c8493a0a2461df54db90876,0,0
top-k,2,102.064625,21.829875,123.8945,290.373,1000,6294ce5ea7d28dd38cc0dab6fe9bcf246c157844b3f3c60200a244285c0bbf9d,0,0
full-sort,2,27.810708,106.703875,134.514583,514.28,500000,326c8cd5e65bd77bc8a7437243f02e2309b03dd41d24b312f3b1efa781b29523,0,0
scan-filter-project,2,44.9075,20.562417,65.469917,161.928,5000,1b9e8a9719d1f242d0dae228256e9359a0829c63cf2e20a17838a0d30a61ce81,0,0
grouped-count-min-max,2,28.985542,47.450875,76.436417,314.493,4096,e3aec3706612f7c455fa955ab67bbf03d662048d4259b4d35a4e02ec6ba018b0,0,0
top-k,3,30.617125,19.680417,50.297542,140.524,1000,6294ce5ea7d28dd38cc0dab6fe9bcf246c157844b3f3c60200a244285c0bbf9d,0,0
full-sort,3,33.643833,98.8565,132.500333,477.144,500000,326c8cd5e65bd77bc8a7437243f02e2309b03dd41d24b312f3b1efa781b29523,0,0
scan-filter-project,3,39.733708,44.428292,84.162,412.386,5000,1b9e8a9719d1f242d0dae228256e9359a0829c63cf2e20a17838a0d30a61ce81,0,0
grouped-count-min-max,3,43.212375,69.571167,112.783542,441.947,4096,e3aec3706612f7c455fa955ab67bbf03d662048d4259b4d35a4e02ec6ba018b0,0,0
partitioned-join,3,60.58925,90.368042,150.957292,491.657,5000,4fd3e43ff9b1f55b66c475fb0812d7755c20f9714c8493a0a2461df54db90876,0,0
full-sort,4,38.054292,90.762,128.816292,421.603,500000,326c8cd5e65bd77bc8a7437243f02e2309b03dd41d24b312f3b1efa781b29523,0,0
scan-filter-project,4,65.361708,47.462125,112.823833,429.105,5000,1b9e8a9719d1f242d0dae228256e9359a0829c63cf2e20a17838a0d30a61ce81,0,0
grouped-count-min-max,4,45.445875,38.126,83.571875,336.017,4096,e3aec3706612f7c455fa955ab67bbf03d662048d4259b4d35a4e02ec6ba018b0,0,0
partitioned-join,4,112.407625,74.454708,186.862333,568.508,5000,4fd3e43ff9b1f55b66c475fb0812d7755c20f9714c8493a0a2461df54db90876,0,0
top-k,4,33.238542,20.644375,53.882917,143.691,1000,6294ce5ea7d28dd38cc0dab6fe9bcf246c157844b3f3c60200a244285c0bbf9d,0,0
