query,iteration,planning_ms,execution_ms,total_ms,cpu_ms,rows,sha256,local_nodes,comet_nodes,dataframe_ms,physical_planning_ms
top-k,-2,1611.746042,1087.049583,2698.795625,5288.578,1000,a61753475f1626e300b9cc33a7511ffde14988bdce607d87a239d87c323d88d3,0,4,893.168958,718.577084
full-sort,-2,42.288916,927.533542,969.822458,5733.08,5000000,a35a02cb1914ad7129114bf35866c36aabf04c456e6acc9e7f5b8a6148c546a7,0,5,16.528,25.760916
scan-filter-project,-2,58.883959,119.396625,178.280584,938.593,50000,132d4842fe598c56c831f05d014103e84ee78a3427f57dda1af7cf25bbb17586,0,4,27.976834,30.907125
grouped-count-min-max,-2,82.27925,106.79125,189.0705,695.081,4096,44d72945f720a18307528d13c03c4d57646dc7f17bb149f99144104ae2967cdf,0,5,26.756958,55.522292
partitioned-join,-2,61.186792,124.038083,185.224875,915.579,50000,7253672c069452fe8863156958af7ba048aab03bee91d9d84d95680b27110f6e,0,9,27.068,34.118792
full-sort,-1,16.910083,866.16975,883.079833,5568.579,5000000,a35a02cb1914ad7129114bf35866c36aabf04c456e6acc9e7f5b8a6148c546a7,0,5,9.353166,7.556917
scan-filter-project,-1,18.448834,59.05275,77.501584,376.384,50000,132d4842fe598c56c831f05d014103e84ee78a3427f57dda1af7cf25bbb17586,0,4,10.701625,7.747209
grouped-count-min-max,-1,14.037917,73.768833,87.80675,531.384,4096,44d72945f720a18307528d13c03c4d57646dc7f17bb149f99144104ae2967cdf,0,5,7.508042,6.529875
partitioned-join,-1,25.839083,116.766875,142.605958,696.995,50000,7253672c069452fe8863156958af7ba048aab03bee91d9d84d95680b27110f6e,0,9,14.014375,11.824708
top-k,-1,15.594416,50.35,65.944416,353.328,1000,a61753475f1626e300b9cc33a7511ffde14988bdce607d87a239d87c323d88d3,0,4,9.336958,6.257458
scan-filter-project,0,16.812125,53.918958,70.731083,251.035,50000,132d4842fe598c56c831f05d014103e84ee78a3427f57dda1af7cf25bbb17586,0,4,9.530666,7.281459
grouped-count-min-max,0,13.695208,71.334042,85.02925,409.808,4096,44d72945f720a18307528d13c03c4d57646dc7f17bb149f99144104ae2967cdf,0,5,7.50125,6.193958
partitioned-join,0,20.945667,102.40975,123.355417,596.852,50000,7253672c069452fe8863156958af7ba048aab03bee91d9d84d95680b27110f6e,0,9,11.593792,9.351875
top-k,0,13.97625,52.565584,66.541834,400.037,1000,a61753475f1626e300b9cc33a7511ffde14988bdce607d87a239d87c323d88d3,0,4,8.53025,5.446
full-sort,0,13.436833,741.155375,754.592208,3983.678,5000000,a35a02cb1914ad7129114bf35866c36aabf04c456e6acc9e7f5b8a6148c546a7,0,5,7.387083,6.04975
grouped-count-min-max,1,13.08325,70.02675,83.11,361.351,4096,44d72945f720a18307528d13c03c4d57646dc7f17bb149f99144104ae2967cdf,0,5,7.137375,5.945875
partitioned-join,1,18.842833,97.861959,116.704792,500.477,50000,7253672c069452fe8863156958af7ba048aab03bee91d9d84d95680b27110f6e,0,9,10.728917,8.113916
top-k,1,11.861625,44.708042,56.569667,320.2,1000,a61753475f1626e300b9cc33a7511ffde14988bdce607d87a239d87c323d88d3,0,4,7.177917,4.683708
full-sort,1,12.066542,690.877292,702.943834,3444.75,5000000,a35a02cb1914ad7129114bf35866c36aabf04c456e6acc9e7f5b8a6148c546a7,0,5,7.057959,5.008583
scan-filter-project,1,15.500167,56.45025,71.950417,294.059,50000,132d4842fe598c56c831f05d014103e84ee78a3427f57dda1af7cf25bbb17586,0,4,7.696459,7.803708
partitioned-join,2,19.161542,91.710125,110.871667,522.456,50000,7253672c069452fe8863156958af7ba048aab03bee91d9d84d95680b27110f6e,0,9,11.192459,7.969083
top-k,2,12.782625,41.461959,54.244584,237.147,1000,a61753475f1626e300b9cc33a7511ffde14988bdce607d87a239d87c323d88d3,0,4,8.030209,4.752416
full-sort,2,10.395167,696.357833,706.753,3424.485,5000000,a35a02cb1914ad7129114bf35866c36aabf04c456e6acc9e7f5b8a6148c546a7,0,5,6.492375,3.902792
scan-filter-project,2,21.218125,58.184208,79.402333,258.35,50000,132d4842fe598c56c831f05d014103e84ee78a3427f57dda1af7cf25bbb17586,0,4,15.151833,6.066292
grouped-count-min-max,2,12.096,77.495791,89.591791,388.923,4096,44d72945f720a18307528d13c03c4d57646dc7f17bb149f99144104ae2967cdf,0,5,6.855875,5.240125
top-k,3,11.944625,44.965458,56.910083,252.318,1000,a61753475f1626e300b9cc33a7511ffde14988bdce607d87a239d87c323d88d3,0,4,7.57825,4.366375
full-sort,3,13.154958,759.110167,772.265125,3598.191,5000000,a35a02cb1914ad7129114bf35866c36aabf04c456e6acc9e7f5b8a6148c546a7,0,5,7.777833,5.377125
scan-filter-project,3,13.06,54.206708,67.266708,347.445,50000,132d4842fe598c56c831f05d014103e84ee78a3427f57dda1af7cf25bbb17586,0,4,7.1335,5.9265
grouped-count-min-max,3,11.687042,66.243083,77.930125,289.548,4096,44d72945f720a18307528d13c03c4d57646dc7f17bb149f99144104ae2967cdf,0,5,6.223583,5.463459
partitioned-join,3,19.819417,95.463958,115.283375,546.903,50000,7253672c069452fe8863156958af7ba048aab03bee91d9d84d95680b27110f6e,0,9,12.161042,7.658375
full-sort,4,11.368084,756.023625,767.391709,3621.735,5000000,a35a02cb1914ad7129114bf35866c36aabf04c456e6acc9e7f5b8a6148c546a7,0,5,6.715875,4.652209
scan-filter-project,4,12.146125,55.692875,67.839,250.836,50000,132d4842fe598c56c831f05d014103e84ee78a3427f57dda1af7cf25bbb17586,0,4,7.261542,4.884583
grouped-count-min-max,4,11.074292,66.175417,77.249709,292.66,4096,44d72945f720a18307528d13c03c4d57646dc7f17bb149f99144104ae2967cdf,0,5,5.678292,5.396
partitioned-join,4,15.505125,92.599625,108.10475,427.125,50000,7253672c069452fe8863156958af7ba048aab03bee91d9d84d95680b27110f6e,0,9,9.412208,6.092917
top-k,4,9.877958,38.048209,47.926167,186.715,1000,a61753475f1626e300b9cc33a7511ffde14988bdce607d87a239d87c323d88d3,0,4,6.025875,3.852083
