elapsed_s,phase,rss_kib,native_temp_bytes,spark_temp_bytes
0.02064912486821413,startup,7504,0,0
0.13137029204517603,startup,69040,0,0
0.24155891686677933,startup,142416,0,0
0.34890683367848396,startup,225856,0,0
0.45804633386433125,startup,247312,0,0
0.5760277090594172,startup,264480,0,0
0.6845229999162257,startup,272032,0,0
0.796129833906889,startup,321856,0,0
0.9117315839976072,startup,329776,0,0
1.0272278748452663,startup,335584,0,0
1.1422561667859554,startup,353648,0,0
1.2535449997521937,startup,383072,0,0
1.364911041688174,startup,389936,0,0
1.4797410839237273,startup,398800,0,0
1.5945610417984426,startup,411024,0,0
1.7015346246771514,"top-k,-2",442352,0,0
1.8093116669915617,"top-k,-2",477120,0,0
1.9208483747206628,"top-k,-2",483312,0,0
2.027414708863944,"top-k,-2",490608,0,0
2.1392925418913364,"top-k,-2",499776,0,0
2.248793500009924,"top-k,-2",509168,0,0
2.3600606666877866,"top-k,-2",521920,0,0
2.4670951669104397,"top-k,-2",551152,0,0
2.5765805416740477,"top-k,-2",578432,0,0
2.6846869168803096,"top-k,-2",610080,0,0
2.79618537472561,"top-k,-2",655392,0,0
2.907159375026822,"top-k,-2",660992,0,0
3.015845666639507,"top-k,-2",665008,0,0
3.127622958738357,"top-k,-2",669504,0,0
3.239316124934703,"top-k,-2",674176,0,0
3.35114295873791,"top-k,-2",679648,0,0
3.4638353339396417,"top-k,-2",685520,0,0
3.572547874879092,"top-k,-2",691248,0,0
3.6810860000550747,"top-k,-2",696304,0,0
3.788301416672766,"top-k,-2",697888,0,0
3.897806250024587,"top-k,-2",707936,0,0
4.0080659170635045,"top-k,-2",731296,0,0
4.118638708721846,"top-k,-2",732384,0,0
4.228265292011201,"top-k,-2",767120,0,30548
4.34544266667217,"top-k,-2",805552,0,30548
4.459250541869551,"full-sort,-2",827888,0,30548
4.5726153338328,"full-sort,-2",1035744,0,0
4.68955049989745,"full-sort,-2",1163952,0,32267175
4.802263041958213,"full-sort,-2",1214368,0,40837924
4.920623084064573,"full-sort,-2",1273536,0,40837924
5.036856709048152,"full-sort,-2",1286160,0,40837924
5.14973070891574,"full-sort,-2",1611680,0,40837924
5.275178541895002,"full-sort,-2",1844240,0,40837924
5.390887166839093,idle,1976816,0,40837924
5.502365916967392,idle,2220128,0,40837924
5.622735791839659,idle,2405120,0,40837924
5.742326458916068,idle,2426528,0,40837924
5.854747917037457,idle,2426528,0,40837924
5.9730160417966545,idle,2456240,0,40837924
6.092528874985874,"scan-filter-project,-2",2486160,0,40837924
6.208536374848336,"grouped-count-min-max,-2",2496416,0,0
6.323366958647966,"grouped-count-min-max,-2",1556720,0,0
6.436109666712582,"partitioned-join,-2",1479312,0,226935
6.5565664996393025,"partitioned-join,-2",1503488,0,20962673
6.679036666639149,"full-sort,-1",1513408,0,0
6.795519999694079,"full-sort,-1",1534768,0,40838868
6.918503083754331,"full-sort,-1",1541328,0,40838940
7.036597458645701,"full-sort,-1",1549792,0,40838940
7.1507067498750985,"full-sort,-1",1549728,0,40838940
7.264563666656613,"full-sort,-1",1808144,0,40838940
7.406001833733171,"full-sort,-1",1909360,0,40838940
7.551574375014752,idle,2163984,0,40838940
7.669102166779339,idle,2359376,0,40838940
7.783991583622992,idle,2359968,0,40838940
7.903144042007625,idle,2371488,0,40838940
8.021906999871135,idle,2371488,0,40838940
8.137830583844334,"scan-filter-project,-1",2373040,0,40838940
8.252343749627471,"partitioned-join,-1",2375168,0,226935
8.379482708871365,"partitioned-join,-1",1707504,0,20962673
8.493888000026345,"scan-filter-project,0",1519296,0,20993221
8.616267666686326,"grouped-count-min-max,0",1521648,0,21220084
8.738533749710768,"partitioned-join,0",1531776,0,20735738
8.857917584013194,"full-sort,0",1538208,0,30548
8.972466999664903,"full-sort,0",1410608,0,5924080
9.091049458831549,"full-sort,0",1412800,0,40840255
9.216917166952044,"full-sort,0",1419808,0,40840255
9.334756833966821,"full-sort,0",1419888,0,40840255
9.453203833661973,"full-sort,0",1593056,0,40840255
9.58846695907414,"full-sort,0",2072224,0,40840255
9.705977499950677,idle,2401776,0,40840255
9.825412499718368,idle,2555152,0,40840255
9.94244825001806,idle,2576992,0,40840255
10.059527333825827,idle,2615904,0,40840255
10.174736416898668,"grouped-count-min-max,1",2615936,0,40840255
10.291487250011414,"partitioned-join,1",2630400,0,41067190
10.411103708669543,"top-k,1",2648272,0,61575993
10.533012208994478,"full-sort,1",2653264,0,0
10.65289374999702,"full-sort,1",2391056,0,40838654
10.770402083639055,"full-sort,1",1640032,0,40838654
10.884316249750555,"full-sort,1",1642736,0,40838654
11.004459667019546,"full-sort,1",1647504,0,40838654
11.124668374657631,"full-sort,1",2188480,0,40838654
11.252664417028427,idle,2398608,0,40838654
11.36675254162401,idle,2563392,0,40838654
11.484267249703407,idle,2583248,0,40838654
11.59910629177466,idle,2583248,0,40838654
11.716242999769747,idle,2583488,0,40838654
11.831165624782443,"partitioned-join,2",2620704,0,0
11.94903541682288,"top-k,2",2229456,0,20735738
12.068891041912138,"full-sort,2",1756816,0,0
12.189518624916673,"full-sort,2",1628160,0,40837927
12.310215541627258,"full-sort,2",1534736,0,40837927
12.429841042030603,"full-sort,2",1534944,0,40837927
12.55425029201433,"full-sort,2",1654256,0,40837927
12.681310249958187,"full-sort,2",2104080,0,40837927
12.801539042033255,idle,2405680,0,40837927
12.929313083644956,idle,2581696,0,40837927
13.052866249810904,idle,2682160,0,40837927
13.169133249670267,idle,2682160,0,40837927
13.28932174993679,idle,2696272,0,40837927
13.402322958689183,"scan-filter-project,2",2696848,0,40837927
13.51843229169026,"grouped-count-min-max,2",2697072,0,226935
13.639755167067051,"full-sort,3",2050560,0,257483
13.761494458653033,"full-sort,3",1525936,0,40837364
13.884478999767452,"full-sort,3",1527040,0,40837364
14.00536624994129,"full-sort,3",1527552,0,40837364
14.123402583878487,"full-sort,3",1607280,0,40837364
14.241627749986947,"full-sort,3",1820720,0,40837364
14.37014566687867,idle,2232208,0,40837364
14.490601167082787,idle,2521088,0,40837364
14.604302959050983,idle,2659104,0,40837364
14.724534541834146,idle,2659152,0,40837364
14.841851499862969,idle,2659152,0,40837364
14.959491000045091,"scan-filter-project,3",2659136,0,40837364
15.080066874623299,"grouped-count-min-max,3",2661984,0,0
15.201324208639562,"partitioned-join,3",1808080,0,20962673
15.319672124926,"full-sort,4",1745328,0,0
15.443940999917686,"full-sort,4",1610080,0,40838939
15.570507416967303,"full-sort,4",1599648,0,40838939
15.68834170885384,"full-sort,4",1670512,0,40838939
15.810626083984971,"full-sort,4",1897264,0,40838939
15.940621708985418,"full-sort,4",2060496,0,40838939
16.055762291885912,idle,2325328,0,40838939
16.178292541764677,idle,2576576,0,40838939
16.296457541640848,idle,2809312,0,40838939
16.413643166888505,idle,2825488,0,40838939
16.53002137504518,idle,2825488,0,40838939
16.64973808405921,idle,2833744,0,40838939
16.7641012086533,"grouped-count-min-max,4",2858512,0,0
16.88268708391115,"partitioned-join,4",2330864,0,10161515
16.9989832919091,retained,1781440,0,20993221
17.123258667066693,retained,1781440,0,20993221
17.2379909590818,retained,1781440,0,20993221
17.351333959028125,retained,1781440,0,20993221
17.46330645866692,retained,1781440,0,20993221
17.579213624820113,retained,1781440,0,20993221
17.692645499948412,retained,1781440,0,20993221
17.811908833682537,retained,1781440,0,20993221
17.929811041802168,retained,1781440,0,20993221
18.045553375035524,retained,1779184,0,0
18.158796958625317,retained,1759632,0,0
18.268502125050873,retained,1759632,0,0
18.382780292071402,retained,1759632,0,0
18.49529766663909,retained,0,0,0
