query,iteration,planning_ms,execution_ms,total_ms,cpu_ms,rows,sha256,local_nodes,comet_nodes,dataframe_ms,physical_planning_ms
top-k,-2,1529.075875,1315.168375,2844.24425,3676.893,1000,a61753475f1626e300b9cc33a7511ffde14988bdce607d87a239d87c323d88d3,1,2,898.606,630.469875
full-sort,-2,30.281375,457.481333,487.762708,2544.605,5000000,a35a02cb1914ad7129114bf35866c36aabf04c456e6acc9e7f5b8a6148c546a7,1,2,12.878833,17.402542
scan-filter-project,-2,52.325083,142.250583,194.575666,480.079,50000,132d4842fe598c56c831f05d014103e84ee78a3427f57dda1af7cf25bbb17586,1,2,25.354833,26.97025
grouped-count-min-max,-2,82.705042,72.561292,155.266334,453.367,4096,44d72945f720a18307528d13c03c4d57646dc7f17bb149f99144104ae2967cdf,1,2,27.761209,54.943833
partitioned-join,-2,78.759041,40.541959,119.301,343.2,50000,7253672c069452fe8863156958af7ba048aab03bee91d9d84d95680b27110f6e,1,2,29.06775,49.691291
full-sort,-1,17.245208,342.814625,360.059833,1712.139,5000000,a35a02cb1914ad7129114bf35866c36aabf04c456e6acc9e7f5b8a6148c546a7,1,2,10.784208,6.461
scan-filter-project,-1,22.220625,53.091917,75.312542,280.838,50000,132d4842fe598c56c831f05d014103e84ee78a3427f57dda1af7cf25bbb17586,1,2,12.938958,9.281667
grouped-count-min-max,-1,13.907166,58.576917,72.484083,337.26,4096,44d72945f720a18307528d13c03c4d57646dc7f17bb149f99144104ae2967cdf,1,2,7.939875,5.967291
partitioned-join,-1,26.084542,40.320375,66.404917,205.143,50000,7253672c069452fe8863156958af7ba048aab03bee91d9d84d95680b27110f6e,1,2,13.102959,12.981583
top-k,-1,16.58825,26.806833,43.395083,164.002,1000,a61753475f1626e300b9cc33a7511ffde14988bdce607d87a239d87c323d88d3,1,2,9.053458,7.534792
scan-filter-project,0,16.419958,50.081958,66.501916,248.326,50000,132d4842fe598c56c831f05d014103e84ee78a3427f57dda1af7cf25bbb17586,1,2,9.2075,7.212458
grouped-count-min-max,0,13.150333,50.489583,63.639916,241.001,4096,44d72945f720a18307528d13c03c4d57646dc7f17bb149f99144104ae2967cdf,1,2,7.808166,5.342167
partitioned-join,0,21.010375,36.30175,57.312125,197.258,50000,7253672c069452fe8863156958af7ba048aab03bee91d9d84d95680b27110f6e,1,2,11.957042,9.053333
top-k,0,12.294958,26.9715,39.266458,137.537,1000,a61753475f1626e300b9cc33a7511ffde14988bdce607d87a239d87c323d88d3,1,2,7.829708,4.46525
full-sort,0,12.979917,346.148833,359.12875,1631.661,5000000,a35a02cb1914ad7129114bf35866c36aabf04c456e6acc9e7f5b8a6148c546a7,1,2,7.740667,5.23925
grouped-count-min-max,1,13.678792,56.137167,69.815959,357.235,4096,44d72945f720a18307528d13c03c4d57646dc7f17bb149f99144104ae2967cdf,1,2,7.645709,6.033083
partitioned-join,1,21.60925,37.091375,58.700625,279.664,50000,7253672c069452fe8863156958af7ba048aab03bee91d9d84d95680b27110f6e,1,2,13.030834,8.578416
top-k,1,12.319667,31.920958,44.240625,269.458,1000,a61753475f1626e300b9cc33a7511ffde14988bdce607d87a239d87c323d88d3,1,2,7.8175,4.502167
full-sort,1,13.284959,348.888666,362.173625,2040.903,5000000,a35a02cb1914ad7129114bf35866c36aabf04c456e6acc9e7f5b8a6148c546a7,1,2,7.783375,5.501584
scan-filter-project,1,12.857208,53.002042,65.85925,341.436,50000,132d4842fe598c56c831f05d014103e84ee78a3427f57dda1af7cf25bbb17586,1,2,7.139416,5.717792
partitioned-join,2,19.888333,36.788375,56.676708,234.339,50000,7253672c069452fe8863156958af7ba048aab03bee91d9d84d95680b27110f6e,1,2,11.357666,8.530667
top-k,2,12.83675,26.979833,39.816583,193.757,1000,a61753475f1626e300b9cc33a7511ffde14988bdce607d87a239d87c323d88d3,1,2,8.176333,4.660417
full-sort,2,11.361,350.439958,361.800958,1814.757,5000000,a35a02cb1914ad7129114bf35866c36aabf04c456e6acc9e7f5b8a6148c546a7,1,2,7.0385,4.3225
scan-filter-project,2,12.754,51.063708,63.817708,301.298,50000,132d4842fe598c56c831f05d014103e84ee78a3427f57dda1af7cf25bbb17586,1,2,7.456958,5.297042
grouped-count-min-max,2,10.202333,48.0545,58.256833,219.631,4096,44d72945f720a18307528d13c03c4d57646dc7f17bb149f99144104ae2967cdf,1,2,6.122166,4.080167
top-k,3,12.672709,26.1765,38.849209,157.471,1000,a61753475f1626e300b9cc33a7511ffde14988bdce607d87a239d87c323d88d3,1,2,7.8645,4.808209
full-sort,3,10.999458,330.772667,341.772125,1989.398,5000000,a35a02cb1914ad7129114bf35866c36aabf04c456e6acc9e7f5b8a6148c546a7,1,2,6.8435,4.155958
scan-filter-project,3,12.26225,47.359833,59.622083,189.355,50000,132d4842fe598c56c831f05d014103e84ee78a3427f57dda1af7cf25bbb17586,1,2,7.147125,5.115125
grouped-count-min-max,3,9.080292,50.004083,59.084375,209.122,4096,44d72945f720a18307528d13c03c4d57646dc7f17bb149f99144104ae2967cdf,1,2,5.496834,3.583458
partitioned-join,3,17.276542,41.624417,58.900959,234.338,50000,7253672c069452fe8863156958af7ba048aab03bee91d9d84d95680b27110f6e,1,2,9.829709,7.446833
full-sort,4,10.459333,322.605792,333.065125,1736.776,5000000,a35a02cb1914ad7129114bf35866c36aabf04c456e6acc9e7f5b8a6148c546a7,1,2,6.539708,3.919625
scan-filter-project,4,13.071959,58.206625,71.278584,219.179,50000,132d4842fe598c56c831f05d014103e84ee78a3427f57dda1af7cf25bbb17586,1,2,7.827709,5.24425
grouped-count-min-max,4,9.504875,54.139334,63.644209,238.827,4096,44d72945f720a18307528d13c03c4d57646dc7f17bb149f99144104ae2967cdf,1,2,5.816,3.688875
partitioned-join,4,17.696,40.041,57.737,168.886,50000,7253672c069452fe8863156958af7ba048aab03bee91d9d84d95680b27110f6e,1,2,11.112,6.584
top-k,4,10.780125,26.968584,37.748709,121.25,1000,a61753475f1626e300b9cc33a7511ffde14988bdce607d87a239d87c323d88d3,1,2,6.405459,4.374666
