elapsed_s,phase,rss_kib,native_temp_bytes,spark_temp_bytes
0.025219875387847424,startup,8656,0,0
0.13416070817038417,startup,71952,0,0
0.24531416594982147,startup,126448,0,0
0.3541725412942469,startup,206016,0,0
0.4655935000628233,startup,232768,0,0
0.5788032501004636,startup,263328,0,0
0.6924245832487941,startup,312880,0,0
0.8059955830685794,startup,327328,0,0
0.918542250059545,startup,333184,0,0
1.0327203329652548,startup,349392,0,0
1.1443694583140314,startup,390560,0,0
1.2593432501889765,startup,400224,0,0
1.3803865411318839,startup,409984,0,0
1.4956461661495268,startup,419168,0,0
1.608354375232011,"top-k,-2",449392,0,0
1.7239834582433105,"top-k,-2",489152,0,0
1.8389347912743688,"top-k,-2",495728,0,0
1.9459370002150536,"top-k,-2",502224,0,0
2.056905166245997,"top-k,-2",510464,0,0
2.169641500338912,"top-k,-2",520400,0,0
2.281819166149944,"top-k,-2",529744,0,0
2.3918074159882963,"top-k,-2",559296,0,0
2.503090666141361,"top-k,-2",587248,0,0
2.61105666635558,"top-k,-2",617568,0,0
2.7206117501482368,"top-k,-2",665584,0,0
2.8328770832158625,"top-k,-2",669664,0,0
2.94306758325547,"top-k,-2",675152,0,0
3.0531087503768504,"top-k,-2",682096,0,0
3.165194791276008,"top-k,-2",688480,0,0
3.2764863329939544,"top-k,-2",694400,0,0
3.3900698330253363,"top-k,-2",701456,0,0
3.5021632499992847,"top-k,-2",701824,0,0
3.6122910412959754,"top-k,-2",701824,0,0
3.7240290832705796,"top-k,-2",701824,0,0
3.8403842081315815,"top-k,-2",707264,0,0
3.953107291366905,"top-k,-2",739936,0,0
4.067692666314542,"top-k,-2",739936,0,0
4.185898416209966,"top-k,-2",739936,0,0
4.307272500358522,"top-k,-2",739936,0,0
4.424346833024174,"top-k,-2",744144,0,0
4.542017333209515,"full-sort,-2",938144,0,0
4.659062040969729,"full-sort,-2",1262576,0,0
4.77860587509349,"full-sort,-2",1405952,0,0
4.894509375095367,"full-sort,-2",1736592,0,0
5.013920875266194,idle,2175776,0,0
5.127154791262001,idle,2370992,0,0
5.240902125369757,idle,2428496,0,0
5.350151458289474,idle,2477984,0,0
5.461209333036095,idle,2523936,0,0
5.572023750282824,"scan-filter-project,-2",2524784,0,0
5.70848041633144,"scan-filter-project,-2",2540512,0,0
5.823079208377749,"grouped-count-min-max,-2",2543872,0,0
5.9336292911320925,"partitioned-join,-2",2555104,0,0
6.047325124964118,"full-sort,-1",2557104,0,0
6.163876125123352,"full-sort,-1",2599904,0,0
6.280510333366692,"full-sort,-1",2701616,0,0
6.412007125094533,idle,2391120,0,0
6.530154791194946,idle,2466656,0,0
6.647868250031024,idle,2532592,0,0
6.766793958377093,idle,2536512,0,0
6.883635250385851,idle,2536512,0,0
7.0026720832102,"grouped-count-min-max,-1",2539168,0,0
7.118977541103959,"partitioned-join,-1",2558016,0,0
7.2367964163422585,"scan-filter-project,0",1540752,0,0
7.347614416386932,"partitioned-join,0",1545008,0,0
7.4616730832494795,"full-sort,0",1563376,0,0
7.577529875095934,"full-sort,0",1580768,0,0
7.69386245822534,"full-sort,0",1822768,0,0
7.811809208244085,idle,2207040,0,0
7.935507125221193,idle,2468256,0,0
8.048974000383168,idle,2633440,0,0
8.161089583300054,idle,2633440,0,0
8.274363125208765,idle,2633440,0,0
8.391404957976192,"grouped-count-min-max,1",2640400,0,0
8.511766916140914,"top-k,1",2386496,0,0
8.630149000324309,"full-sort,1",1713088,0,0
8.740884833037853,"full-sort,1",1721376,0,0
8.870046915952116,"full-sort,1",2114336,0,0
9.001095333136618,idle,2428912,0,0
9.116770291235298,idle,2659296,0,0
9.229805208276957,idle,2677344,0,0
9.342172916047275,idle,2677424,0,0
9.470625665970147,"scan-filter-project,1",2678192,0,0
9.590347458142787,idle,2547200,0,0
9.709703125059605,"full-sort,2",1616576,0,0
9.828845916315913,"full-sort,2",1618320,0,0
9.957139666192234,"full-sort,2",2101584,0,0
10.07364770816639,idle,2392336,0,0
10.202499000355601,idle,2677712,0,0
10.328619958367199,idle,2710272,0,0
10.438640207983553,idle,2710272,0,0
10.550774458330125,"scan-filter-project,2",2711168,0,0
10.669976000208408,"top-k,3",2712208,0,0
10.785070875193924,"full-sort,3",2718176,0,0
10.906193666160107,"full-sort,3",2739360,0,0
11.026281750295311,"full-sort,3",2211472,0,0
11.144138791132718,idle,2430784,0,0
11.258162958081812,idle,2477744,0,0
11.367486250121146,idle,2483712,0,0
11.478219541255385,idle,2483712,0,0
11.591823458205909,"scan-filter-project,3",2484240,0,0
11.707087791059166,"partitioned-join,3",2486736,0,0
11.822957625146955,"full-sort,4",2490320,0,0
11.940036208368838,"full-sort,4",2497216,0,0
12.065753125119954,"full-sort,4",2287440,0,0
12.187703290954232,idle,2421328,0,0
12.388590625021607,idle,2465296,0,0
12.518466416280717,idle,2324992,0,0
12.63649204140529,idle,2324992,0,0
12.75008870800957,idle,2380496,0,0
12.87241195840761,"partitioned-join,4",2431600,0,0
12.989455875009298,retained,2432112,0,0
13.102599333040416,retained,2432112,0,0
13.217221333179623,retained,2432112,0,0
13.331938500050455,retained,2432112,0,0
13.446604249998927,retained,2432112,0,0
13.56113600032404,retained,2432112,0,0
13.675175833050162,retained,2432112,0,0
13.78955658338964,retained,2432112,0,0
13.903035333380103,retained,2432112,0,0
14.020875958260149,retained,2418288,0,0
14.137458458077163,retained,2418096,0,0
14.245725666172802,retained,2418096,0,0
14.357895666267723,retained,2418096,0,0
14.47188058309257,retained,0,0,0
