query,iteration,planning_ms,execution_ms,total_ms,cpu_ms,rows,sha256,local_nodes,comet_nodes,dataframe_ms,physical_planning_ms
top-k,-2,1112.34725,1364.597584,2476.944834,4953.836,1000,a61753475f1626e300b9cc33a7511ffde14988bdce607d87a239d87c323d88d3,0,0,923.663667,188.683583
full-sort,-2,30.396084,1601.382083,1631.778167,9282.535,5000000,a35a02cb1914ad7129114bf35866c36aabf04c456e6acc9e7f5b8a6148c546a7,0,0,12.98075,17.415334
scan-filter-project,-2,49.009708,285.145542,334.15525,2169.599,50000,132d4842fe598c56c831f05d014103e84ee78a3427f57dda1af7cf25bbb17586,0,0,28.097958,20.91175
grouped-count-min-max,-2,54.149958,520.263958,574.413916,3254.622,4096,44d72945f720a18307528d13c03c4d57646dc7f17bb149f99144104ae2967cdf,0,0,31.405291,22.744667
partitioned-join,-2,70.362583,476.843208,547.205791,2794.966,50000,7253672c069452fe8863156958af7ba048aab03bee91d9d84d95680b27110f6e,0,0,33.154875,37.207708
full-sort,-1,18.234542,1192.379417,1210.613959,6214.766,5000000,a35a02cb1914ad7129114bf35866c36aabf04c456e6acc9e7f5b8a6148c546a7,0,0,12.198875,6.035667
scan-filter-project,-1,15.838792,107.764625,123.603417,575.839,50000,132d4842fe598c56c831f05d014103e84ee78a3427f57dda1af7cf25bbb17586,0,0,11.258334,4.580458
grouped-count-min-max,-1,11.594208,143.968834,155.563042,922.017,4096,44d72945f720a18307528d13c03c4d57646dc7f17bb149f99144104ae2967cdf,0,0,7.876,3.718208
partitioned-join,-1,20.296667,318.650583,338.94725,1728.95,50000,7253672c069452fe8863156958af7ba048aab03bee91d9d84d95680b27110f6e,0,0,12.090875,8.205792
top-k,-1,15.47225,111.171125,126.643375,590.924,1000,a61753475f1626e300b9cc33a7511ffde14988bdce607d87a239d87c323d88d3,0,0,11.41625,4.056
scan-filter-project,0,19.541292,78.416291,97.957583,498.979,50000,132d4842fe598c56c831f05d014103e84ee78a3427f57dda1af7cf25bbb17586,0,0,13.956542,5.58475
grouped-count-min-max,0,12.06975,164.396541,176.466291,896.295,4096,44d72945f720a18307528d13c03c4d57646dc7f17bb149f99144104ae2967cdf,0,0,9.0785,2.99125
partitioned-join,0,21.710416,338.6665,360.376916,1635.404,50000,7253672c069452fe8863156958af7ba048aab03bee91d9d84d95680b27110f6e,0,0,14.0115,7.698916
top-k,0,14.116625,95.0,109.116625,414.634,1000,a61753475f1626e300b9cc33a7511ffde14988bdce607d87a239d87c323d88d3,0,0,10.691417,3.425208
full-sort,0,15.920667,961.786,977.706667,4427.127,5000000,a35a02cb1914ad7129114bf35866c36aabf04c456e6acc9e7f5b8a6148c546a7,0,0,11.699417,4.22125
grouped-count-min-max,1,8.814416,123.782334,132.59675,595.419,4096,44d72945f720a18307528d13c03c4d57646dc7f17bb149f99144104ae2967cdf,0,0,6.112125,2.702291
partitioned-join,1,16.94175,268.8655,285.80725,1275.546,50000,7253672c069452fe8863156958af7ba048aab03bee91d9d84d95680b27110f6e,0,0,11.371917,5.569833
top-k,1,12.57925,68.62575,81.205,381.041,1000,a61753475f1626e300b9cc33a7511ffde14988bdce607d87a239d87c323d88d3,0,0,9.729583,2.849667
full-sort,1,15.164417,963.731333,978.89575,4444.814,5000000,a35a02cb1914ad7129114bf35866c36aabf04c456e6acc9e7f5b8a6148c546a7,0,0,11.678209,3.486208
scan-filter-project,1,10.757958,78.829292,89.58725,390.079,50000,132d4842fe598c56c831f05d014103e84ee78a3427f57dda1af7cf25bbb17586,0,0,7.222666,3.535292
partitioned-join,2,16.151125,270.914833,287.065958,1298.026,50000,7253672c069452fe8863156958af7ba048aab03bee91d9d84d95680b27110f6e,0,0,10.765708,5.385417
top-k,2,10.687791,69.316959,80.00475,395.456,1000,a61753475f1626e300b9cc33a7511ffde14988bdce607d87a239d87c323d88d3,0,0,8.196375,2.491416
full-sort,2,13.635709,974.286,987.921709,4627.003,5000000,a35a02cb1914ad7129114bf35866c36aabf04c456e6acc9e7f5b8a6148c546a7,0,0,11.18525,2.450459
scan-filter-project,2,11.535417,71.69975,83.235167,392.111,50000,132d4842fe598c56c831f05d014103e84ee78a3427f57dda1af7cf25bbb17586,0,0,7.911,3.624417
grouped-count-min-max,2,9.581583,142.220042,151.801625,713.118,4096,44d72945f720a18307528d13c03c4d57646dc7f17bb149f99144104ae2967cdf,0,0,6.782958,2.798625
top-k,3,10.372458,67.381792,77.75425,356.024,1000,a61753475f1626e300b9cc33a7511ffde14988bdce607d87a239d87c323d88d3,0,0,7.401,2.971458
full-sort,3,12.826834,946.062625,958.889459,4381.615,5000000,a35a02cb1914ad7129114bf35866c36aabf04c456e6acc9e7f5b8a6148c546a7,0,0,7.01125,5.815584
scan-filter-project,3,11.12275,71.643459,82.766209,374.099,50000,132d4842fe598c56c831f05d014103e84ee78a3427f57dda1af7cf25bbb17586,0,0,7.667625,3.455125
grouped-count-min-max,3,8.705666,131.261709,139.967375,597.141,4096,44d72945f720a18307528d13c03c4d57646dc7f17bb149f99144104ae2967cdf,0,0,6.106416,2.59925
partitioned-join,3,16.601375,293.3755,309.976875,1354.417,50000,7253672c069452fe8863156958af7ba048aab03bee91d9d84d95680b27110f6e,0,0,11.354917,5.246458
full-sort,4,9.015625,1023.786625,1032.80225,4586.777,5000000,a35a02cb1914ad7129114bf35866c36aabf04c456e6acc9e7f5b8a6148c546a7,0,0,6.68475,2.330875
scan-filter-project,4,10.084334,71.287791,81.372125,347.125,50000,132d4842fe598c56c831f05d014103e84ee78a3427f57dda1af7cf25bbb17586,0,0,7.38825,2.696084
grouped-count-min-max,4,8.223916,132.583917,140.807833,671.302,4096,44d72945f720a18307528d13c03c4d57646dc7f17bb149f99144104ae2967cdf,0,0,5.891541,2.332375
partitioned-join,4,15.311834,261.878,277.189834,1115.651,50000,7253672c069452fe8863156958af7ba048aab03bee91d9d84d95680b27110f6e,0,0,10.491334,4.8205
top-k,4,8.677416,84.556375,93.233791,390.395,1000,a61753475f1626e300b9cc33a7511ffde14988bdce607d87a239d87c323d88d3,0,0,6.47,2.207416
