elapsed_s,phase,rss_kib,native_temp_bytes,spark_temp_bytes
0.024278500117361546,startup,7024,0,0
0.13579112524166703,startup,72096,0,0
0.24980891635641456,startup,178800,0,0
0.36142495833337307,startup,233776,0,0
0.4726245002821088,startup,256256,0,0
0.5829912503249943,startup,273824,0,0
0.6954407501034439,startup,304048,0,0
0.8064759583212435,startup,338144,0,0
0.9176362501457334,startup,343616,0,0
1.0299507081508636,startup,348800,0,0
1.1426155832596123,startup,366448,0,0
1.25550620816648,startup,397712,0,0
1.3655826663598418,startup,405728,0,0
1.476089833304286,startup,412048,0,0
1.5866934582591057,startup,419600,0,0
1.6962336250580847,startup,428672,0,0
1.8101439159363508,"top-k,-2",456640,0,0
1.919040541164577,"top-k,-2",497552,0,0
2.032578708138317,"top-k,-2",503536,0,0
2.143943208269775,"top-k,-2",510960,0,0
2.253145166207105,"top-k,-2",518656,0,0
2.360384208150208,"top-k,-2",526368,0,0
2.4683973332867026,"top-k,-2",534256,0,0
2.580166791100055,"top-k,-2",555872,0,0
2.695037083234638,"top-k,-2",586320,0,0
2.809883000329137,"top-k,-2",616800,0,0
2.9215488331392407,"top-k,-2",660784,0,0
3.0353354159742594,"top-k,-2",667488,0,0
3.147221625316888,"top-k,-2",673472,0,0
3.2589990412816405,"top-k,-2",677504,0,0
3.3736942503601313,"top-k,-2",677504,0,0
3.487342458218336,"top-k,-2",686448,0,0
3.5964480410329998,"top-k,-2",706320,0,0
3.7048437502235174,"top-k,-2",716432,0,0
3.8168879160657525,"top-k,-2",733616,0,0
3.928748541045934,"top-k,-2",745552,0,0
4.038497083354741,"top-k,-2",745552,0,0
4.146634708158672,"top-k,-2",746160,0,0
4.259324541315436,"top-k,-2",1040704,0,0
4.369177541229874,"full-sort,-2",1056784,0,0
4.485695083159953,"full-sort,-2",1073584,0,0
4.60337800020352,"full-sort,-2",1088176,0,3407979
4.71517933299765,"full-sort,-2",1090048,0,41085677
4.855680958367884,"full-sort,-2",1100096,0,45471067
4.990078500006348,"full-sort,-2",1220592,0,45471067
5.104558958206326,"full-sort,-2",1233568,0,45471067
5.223194750025868,"full-sort,-2",1251872,0,45471067
5.3452189159579575,"full-sort,-2",1306160,0,45471067
5.461466208100319,"full-sort,-2",1310144,0,45471067
5.576507416088134,"full-sort,-2",1343648,0,45471067
5.696957708336413,"full-sort,-2",1666160,0,45471067
5.815714916214347,"full-sort,-2",1909520,0,45471067
5.936952750198543,idle,1976080,0,45471067
6.057163500227034,idle,2246448,0,45471067
6.1731272912584245,idle,2439360,0,45471067
6.290509915910661,idle,2470016,0,45471067
6.40702125011012,idle,2470144,0,45471067
6.526838833000511,idle,2470144,0,45471067
6.63935812516138,"scan-filter-project,-2",2470816,0,45471067
6.75774862524122,"scan-filter-project,-2",2493744,0,0
6.881806208286434,"scan-filter-project,-2",1719552,0,0
6.9974926663562655,"grouped-count-min-max,-2",1580000,0,0
7.123393166344613,"grouped-count-min-max,-2",1582864,0,0
7.254118415992707,"grouped-count-min-max,-2",1586192,0,0
7.383424791041762,"grouped-count-min-max,-2",1586544,0,0
7.515846791211516,"grouped-count-min-max,-2",1588176,0,229201
7.639197958167642,"partitioned-join,-2",1590544,0,229201
7.75481883296743,"partitioned-join,-2",1592400,0,3731698
7.874865333084017,"partitioned-join,-2",1595312,0,23635171
7.995021041017026,"partitioned-join,-2",1596128,0,25594729
8.112777583301067,"full-sort,-1",1596256,0,25594729
8.238284583203495,"full-sort,-1",1599424,0,0
8.362925416324288,"full-sort,-1",1600240,0,25045381
8.487072333227843,"full-sort,-1",1600304,0,45469742
8.610038958024234,"full-sort,-1",1680928,0,45469742
8.725760207977146,"full-sort,-1",1715648,0,45469742
8.846193708013743,"full-sort,-1",1721344,0,45469742
8.96651737531647,"full-sort,-1",1721488,0,45469742
9.08777333330363,"full-sort,-1",1840880,0,45469742
9.217931624967605,"full-sort,-1",1936160,0,45469742
9.336592416279018,idle,2230256,0,45469742
9.470547625329345,idle,2527472,0,45469742
9.595087541267276,idle,2570640,0,45469742
9.716697874944657,idle,2585152,0,45469742
9.832867833320051,idle,2617152,0,45469742
9.947709500323981,"scan-filter-project,-1",2617488,0,45469742
10.069115416146815,"grouped-count-min-max,-1",2609440,0,0
10.184869000222534,"grouped-count-min-max,-1",1667104,0,0
10.307108416222036,"partitioned-join,-1",1662944,0,455525
10.43157708318904,"partitioned-join,-1",1393296,0,21871729
10.551934125367552,"partitioned-join,-1",1394064,0,25594729
10.672905666287988,"top-k,-1",1371312,0,25594729
10.793285415973514,"scan-filter-project,0",1373088,0,0
10.917303916066885,"grouped-count-min-max,0",1374720,0,0
11.042376375291497,"partitioned-join,0",1376752,0,229201
11.162416416220367,"partitioned-join,0",1377504,0,16581515
11.281225041020662,"partitioned-join,0",1378224,0,25594729
11.397797957994044,"top-k,0",1379120,0,25594729
11.51578720798716,"full-sort,0",1383488,0,0
11.636706457938999,"full-sort,0",1398576,0,9366867
11.755953625310212,"full-sort,0",1398624,0,37928577
11.87668166635558,"full-sort,0",1426416,0,45472747
11.996131707914174,"full-sort,0",1446432,0,45472747
12.110492916312069,"full-sort,0",1534032,0,45472747
12.229990958236158,"full-sort,0",1757568,0,45472747
12.376517916098237,"full-sort,0",2019216,0,45472747
12.491655291058123,idle,2185840,0,45472747
12.614237500354648,idle,2523136,0,45472747
12.731534000020474,idle,2686144,0,45472747
12.851638332940638,idle,2686144,0,45472747
12.972715041134506,idle,2686144,0,45472747
13.095952791161835,idle,2717040,0,45472747
13.211262291297317,"grouped-count-min-max,1",2726000,0,0
13.330723833292723,"partitioned-join,1",2365424,0,3855108
13.445805208291858,"partitioned-join,1",2144800,0,25594729
13.56425412511453,"top-k,1",1777072,0,25594729
13.689080666285008,"full-sort,1",1778304,0,0
13.808593625202775,"full-sort,1",1499120,0,19577241
13.925997416023165,"full-sort,1",1499328,0,45470437
14.04951695818454,"full-sort,1",1489072,0,45470437
14.179800833109766,"full-sort,1",1496768,0,45470437
14.307547041215003,"full-sort,1",1498720,0,45470437
14.427371791098267,"full-sort,1",1660288,0,45470437
14.546948958188295,"full-sort,1",2005888,0,45470437
14.674546791240573,idle,2354688,0,45470437
14.793880916200578,idle,2511184,0,45470437
14.920768958050758,idle,2634832,0,45470437
15.045119625050575,idle,2634832,0,45470437
15.16494608297944,idle,2634864,0,45470437
15.282564457971603,"scan-filter-project,1",2649200,0,45470437
15.398919083178043,"partitioned-join,2",2652496,0,0
15.521224458236247,"partitioned-join,2",2046000,0,20891492
15.645061083137989,idle,2047344,0,25594729
15.768132875207812,"full-sort,2",1621792,0,0
15.891858750022948,"full-sort,2",1555392,0,9006933
16.014152500312775,"full-sort,2",1555488,0,35810450
16.13455000007525,"full-sort,2",1564192,0,45467024
16.24787108320743,"full-sort,2",1564560,0,45467024
16.363898208364844,"full-sort,2",1570160,0,45467024
16.48579308297485,"full-sort,2",1570352,0,45467024
16.606176291126758,"full-sort,2",1797936,0,45467024
16.732608958147466,idle,2168944,0,45467024
16.853946916293353,idle,2455568,0,45467024
16.976897000335157,idle,2624816,0,45467024
17.100658040959388,idle,2697600,0,45467024
17.215227874927223,idle,2697616,0,45467024
17.334901083260775,idle,2711584,0,45467024
17.454438332933933,"scan-filter-project,2",2712368,0,0
17.577599124982953,"grouped-count-min-max,2",2462928,0,0
17.703214166220278,"top-k,3",1979312,0,229201
17.81856504129246,"full-sort,3",1980544,0,95261
17.94494750024751,"full-sort,3",1560144,0,35854424
18.060987916309386,"full-sort,3",1577376,0,45469443
18.179370541125536,"full-sort,3",1539888,0,45469443
18.29785554111004,"full-sort,3",1540480,0,45469443
18.41470354096964,"full-sort,3",1540592,0,45469443
18.538817166350782,"full-sort,3",1818032,0,45469443
18.6624585413374,"full-sort,3",2190752,0,45469443
18.784715708345175,idle,2493840,0,45469443
18.915237916167825,idle,2680464,0,45469443
19.033141165971756,idle,2753664,0,45469443
19.161676249932498,idle,2753680,0,45469443
19.277858583256602,idle,2767168,0,45469443
19.392777082975954,"scan-filter-project,3",2767360,0,45469443
19.513754416257143,"grouped-count-min-max,3",2776256,0,0
19.63890841603279,"partitioned-join,3",2031504,0,257175
19.762332499958575,"partitioned-join,3",2032992,0,20996760
19.877630416303873,"partitioned-join,3",2033040,0,25594729
19.998703458346426,"full-sort,4",1677056,0,25594729
20.113362208008766,"full-sort,4",1677088,0,26991068
20.235680582933128,"full-sort,4",1617280,0,45467564
20.362381415907294,"full-sort,4",1570864,0,45467564
20.47948387498036,"full-sort,4",1572416,0,45467564
20.59695095801726,"full-sort,4",1572848,0,45467564
20.724300458095968,"full-sort,4",1748704,0,45467564
20.84905262524262,"full-sort,4",2099856,0,45467564
20.980834000278264,idle,2315920,0,45467564
21.124061458278447,idle,2695248,0,45467564
21.255516374949366,idle,2803744,0,45467564
21.377842457965016,idle,2845456,0,45467564
21.496551250107586,idle,2845456,0,45467564
21.6142993750982,idle,2845456,0,45467564
21.730200791265815,"scan-filter-project,4",2851328,0,0
21.84614741615951,"grouped-count-min-max,4",2234048,0,0
21.966892125084996,"partitioned-join,4",1654208,0,3311797
22.08613241603598,"partitioned-join,4",1654320,0,25594729
22.214886208064854,"top-k,4",1654592,0,6291760
22.336013874970376,retained,1890784,0,0
22.45405220799148,retained,1890784,0,0
22.57060725009069,retained,1890784,0,0
22.687609124928713,retained,1890784,0,0
22.80450104130432,retained,1890784,0,0
22.921193750109524,retained,1890784,0,0
23.03689583297819,retained,1890784,0,0
23.15090054133907,retained,1890784,0,0
23.26498791621998,retained,1890784,0,0
23.379411166068166,retained,0,0,0
